7.50, 0.06, 0.04, -3.01
5.50, 0.25, 0.15, -3.04
5.50, 0.84, 0.41, -3.08
5.50, 2.03, 0.79, -3.12
2.50, 2.78, 0.88, -3.11
5.50, 4.32, 1.16, -3.12
0.50, 3.69, 0.82, -3.06
3.50, 4.15, 0.79, -3.05
3.50, 4.44, 0.74, -3.04
4.50, 4.96, 0.73, -3.03
3.50, 4.98, 0.64, -3.02
0.50, 4.03, 0.41, -3.01
2.50, 3.87, 0.33, -3.00
0.50, 3.15, 0.18, -2.99
1.50, 2.83, 0.11, -2.99
1.50, 2.55, 0.05, -2.99
0.50, 2.05, -0.03, -2.99
0.50, 1.63, -0.10, -2.99
1.50, 1.52, -0.11, -2.99
-3.50, 0.19, -0.29, 3.02
0.50, 0.04, -0.29, 3.02
4.50, 0.91, -0.14, -2.99
-0.50, 0.45, -0.19, -2.99
0.50, 0.32, -0.19, -2.99
2.50, 0.70, -0.12, -3.00
0.50, 0.56, -0.12, -3.00
29.50, 7.53, 0.87, -3.05
-44.50, -4.51, -0.90, 3.05
26.50, 2.38, 0.15, -3.01
-46.50, -9.47, -1.52, 3.07
26.50, -1.84, -0.30, 3.00
29.50, 5.61, 0.78, -3.05
28.50, 11.83, 1.59, -3.08
25.50, 16.41, 2.08, -3.09
28.50, 20.98, 2.52, -3.10
-23.50, 12.03, 1.00, -3.01
-39.50, 0.17, -0.78, 3.07
30.50, 6.98, 0.21, -2.98
29.50, 12.64, 0.96, -3.02
27.50, 17.01, 1.46, -3.04
27.50, 20.69, 1.81, -3.05
30.50, 24.48, 2.13, -3.06
7.50, 21.96, 1.54, -3.02
29.50, 24.97, 1.77, -3.03
26.50, 26.69, 1.79, -3.03
28.50, 28.49, 1.82, -3.02
28.50, 29.88, 1.78, -3.02
26.50, 30.40, 1.62, -3.01
-41.50, 14.03, -0.89, -2.89
7.50, 11.72, -1.19, -2.89
27.50, 14.64, -0.72, -2.93
26.50, 16.97, -0.36, -2.96
28.50, 19.51, 0.01, -2.98
24.50, 20.73, 0.16, -2.99
26.50, 22.26, 0.34, -3.00
27.50, 23.80, 0.51, -3.01
27.50, 25.09, 0.63, -3.01
25.50, 25.67, 0.63, -3.01
28.50, 26.85, 0.72, -3.01
25.50, 27.07, 0.66, -3.01
26.50, 27.43, 0.63, -3.01
27.50, 27.93, 0.62, -3.00
28.50, 28.53, 0.62, -3.00
28.50, 28.99, 0.60, -3.00
27.50, 29.08, 0.53, -3.00
24.50, 28.36, 0.35, -2.99
25.50, 27.92, 0.23, -2.99
28.50, 28.24, 0.23, -2.99
26.50, 27.98, 0.15, -2.99
27.50, 27.98, 0.12, -2.99
25.50, 27.46, 0.02, -2.98
29.50, 27.96, 0.07, -2.99
27.50, 27.90, 0.04, -2.99
30.50, 28.56, 0.12, -2.99
30.50, 29.12, 0.17, -3.00
30.50, 29.59, 0.21, -3.00
26.50, 29.00, 0.10, -2.99
26.50, 28.46, 0.01, -2.99
4.50, 22.60, -0.82, -2.95
7.50, 18.26, -1.36, -2.93
28.50, 19.72, -1.03, -2.96
0.50, 14.22, -1.69, -2.93
-2.50, 8.83, -2.27, -2.92
5.50, 6.27, -2.39, -2.92
2.50, 3.52, -2.51, -2.93
0.50, 0.86, -2.60, 3.06
3.50, -0.48, -2.48, 3.05
2.50, -1.64, -2.34, 3.04
3.50, -2.17, -2.12, 3.02
-0.50, -3.37, -2.01, 3.01
2.50, -3.45, -1.75, 3.00
0.50, -3.81, -1.55, 2.99
1.50, -3.68, -1.31, 2.98
0.50, -3.64, -1.10, 2.97
3.50, -2.71, -0.79, 2.96
2.50, -2.02, -0.55, 2.96
1.50, -1.55, -0.36, 2.95
0.50, -1.31, -0.24, 2.95
1.50, -0.78, -0.09, 2.95
1.50, -0.27, 0.04, 2.96
2.50, 0.45, 0.18, -3.04
0.50, 0.62, 0.22, -3.04
2.50, 1.26, 0.31, -3.04
3.50, 2.06, 0.42, -3.04
2.50, 2.49, 0.46, -3.03
-0.50, 2.12, 0.37, -3.03
1.50, 2.26, 0.36, -3.02
1.50, 2.35, 0.34, -3.02
1.50, 2.41, 0.32, -3.01
0.50, 2.19, 0.26, -3.01
1.50, 2.22, 0.23, -3.01
2.50, 2.47, 0.24, -3.01
1.50, 2.41, 0.20, -3.00
1.50, 2.35, 0.17, -3.00
-0.50, 1.78, 0.07, -3.00
0.50, 1.51, 0.02, -2.99
2.50, 1.77, 0.04, -3.00
0.50, 1.49, 0.00, -2.99
1.50, 1.49, -0.01, -3.00
2.50, 1.73, 0.02, -3.00
3.50, 2.18, 0.08, -3.00
1.50, 2.07, 0.05, -3.00
0.50, 1.73, 0.00, -3.00
3.50, 2.16, 0.05, -3.00
1.50, 2.04, 0.03, -3.00
0.50, 1.68, -0.02, -3.00
1.50, 1.62, -0.03, -3.00
1.50, 1.56, -0.04, -3.00
2.50, 1.76, -0.01, -3.00
2.50, 1.93, 0.01, -3.00
-0.50, 1.35, -0.07, -3.00
-2.50, 0.35, -0.20, -2.99
-2.50, -0.50, -0.30, 3.01
-2.50, -1.23, -0.37, 3.01
14.50, 2.33, 0.16, -3.01
13.50, 5.20, 0.55, -3.03
15.50, 8.15, 0.92, -3.04
13.50, 10.16, 1.11, -3.05
13.50, 11.84, 1.23, -3.04
13.50, 13.19, 1.29, -3.04
-0.50, 10.83, 0.82, -3.01
15.50, 12.59, 0.96, -3.02
-0.50, 10.12, 0.49, -2.99
14.50, 11.56, 0.62, -3.00
-1.50, 8.83, 0.15, -2.98
-0.50, 6.66, -0.20, -2.96
-1.50, 4.50, -0.50, -2.96
-2.50, 2.39, -0.77, -2.95
13.50, 4.51, -0.41, -2.97
-1.50, 2.72, -0.63, -2.97
14.50, 5.11, -0.24, -2.99
-1.50, 3.31, -0.46, -2.98
12.50, 5.20, -0.15, -3.00
-1.50, 3.45, -0.38, -2.99
-3.50, 1.46, -0.61, -2.98
-4.50, -0.47, -0.82, 3.03
-2.50, -1.60, -0.89, 3.03
14.50, 1.66, -0.33, -3.00
11.50, 3.82, 0.02, -3.02
-1.50, 2.54, -0.14, -3.01
-2.50, 1.20, -0.30, -3.00
-1.50, 0.31, -0.38, 3.00
-1.50, -0.42, -0.44, 3.01
-0.50, -0.77, -0.43, 3.00
13.50, 2.39, 0.07, -3.02
13.50, 5.17, 0.47, -3.04
-1.50, 3.90, 0.26, -3.02
-0.50, 3.03, 0.12, -3.01
13.50, 5.68, 0.48, -3.03
13.50, 7.97, 0.76, -3.04
14.50, 10.16, 0.99, -3.04
-1.50, 8.07, 0.60, -3.02
-5.50, 5.21, 0.13, -2.99
-0.50, 3.91, -0.08, -2.98
-2.50, 2.27, -0.31, -2.97
12.50, 4.53, 0.03, -2.99
13.50, 6.74, 0.33, -3.01
13.50, 8.65, 0.56, -3.02
-1.50, 6.59, 0.21, -3.00
-4.50, 4.04, -0.18, -2.98
-1.50, 2.54, -0.38, -2.97
-4.50, 0.52, -0.63, 3.03
13.50, 3.20, -0.20, -2.99
11.50, 5.08, 0.08, -3.01
13.50, 7.21, 0.38, -3.02
-0.50, 5.61, 0.12, -3.00
-1.50, 3.96, -0.13, -2.99
-2.50, 2.28, -0.35, -2.98
-1.50, 1.08, -0.49, -2.98
-188.50, -45.69, -6.99, 3.32
-180.50, -84.08, -11.69, 3.50
-164.50, -112.78, -14.53, 3.56
-164.50, -136.62, -16.36, 3.56
-151.50, -152.83, -16.86, 3.50
-142.50, -163.23, -16.42, 3.41
-132.50, -168.26, -15.21, 3.29
-126.50, -169.64, -13.54, 3.17
-116.50, -166.92, -11.42, 3.05
-109.50, -161.52, -9.11, 2.93
-96.50, -152.46, -6.50, 2.82
-91.50, -142.38, -4.01, 2.73
-77.50, -129.42, -1.38, 2.64
-68.50, -115.42, 1.11, 2.58
-65.50, -102.20, 3.20, 2.54
-49.50, -86.72, 5.34, 2.51
-36.50, -70.20, 7.37, 2.49
-27.50, -54.00, 9.08, 2.48
-22.50, -39.23, 10.36, 2.50
-11.50, -24.43, 11.45, 2.52
-4.50, -10.72, 12.22, -3.45
0.50, 1.42, 12.62, -3.40
11.50, 13.57, 12.93, -3.36
-21.50, 14.88, 11.63, -3.24
-19.50, 15.34, 10.29, -3.14
38.50, 28.84, 10.87, -3.15
55.50, 43.63, 11.56, -3.16
64.50, 57.53, 12.04, -3.16
74.50, 70.83, 12.36, -3.15
85.50, 83.82, 12.59, -3.14
90.50, 95.01, 12.52, -3.12
140.50, 115.65, 13.77, -3.16
128.50, 129.25, 13.89, -3.14
119.50, 137.41, 13.22, -3.09
107.50, 140.11, 11.83, -3.01
104.50, 140.33, 10.21, -2.93
93.50, 136.55, 8.19, -2.85
79.50, 128.71, 5.80, -2.76
74.50, 119.74, 3.50, -2.68
68.50, 109.72, 1.32, -2.63
62.50, 99.02, -0.71, -2.59
56.50, 87.92, -2.55, -2.56
52.50, 77.16, -4.11, -2.55
47.50, 66.63, -5.43, -2.56
46.50, 57.44, -6.37, -2.58
44.50, 49.30, -7.01, -2.61
41.50, 41.95, -7.42, -2.65
42.50, 36.35, -7.49, -2.70
41.50, 31.84, -7.36, -2.75
35.50, 27.08, -7.23, -2.79
36.50, 23.85, -6.87, -2.84
36.50, 21.70, -6.36, -2.89
34.50, 19.99, -5.81, -2.93
30.50, 18.14, -5.32, -2.96
14.50, 13.22, -5.30, -2.97
25.50, 12.21, -4.73, -3.00
15.50, 9.44, -4.46, -3.01
14.50, 7.32, -4.12, -3.03
25.50, 8.67, -3.33, -3.06
20.50, 9.08, -2.75, -3.08
18.50, 9.34, -2.25, -3.09
15.50, 9.18, -1.87, -3.09
16.50, 9.59, -1.47, -3.10
12.50, 9.23, -1.22, -3.10
9.50, 8.42, -1.07, -3.09
8.50, 7.66, -0.94, -3.08
7.50, 6.94, -0.84, -3.08
6.50, 6.23, -0.75, -3.07
4.50, 5.27, -0.71, -3.06
4.50, 4.56, -0.66, -3.05
3.50, 3.83, -0.62, -3.05
3.50, 3.30, -0.56, -3.04
2.50, 2.70, -0.53, -3.04
2.50, 2.27, -0.48, -3.04
0.50, 1.49, -0.49, -3.03
-4.50, -0.33, -0.65, 2.98
-5.50, -2.08, -0.78, 2.99
-0.50, -2.28, -0.69, 2.99
-5.50, -3.59, -0.77, 2.99
-1.50, -3.66, -0.66, 2.99
0.50, -3.14, -0.49, 2.98
0.50, -2.61, -0.33, 2.98
5.50, -0.87, -0.02, 2.97
6.50, 0.93, 0.27, -3.04
7.50, 2.76, 0.52, -3.05
10.50, 5.07, 0.82, -3.05
8.50, 6.55, 0.96, -3.05
15.50, 9.48, 1.29, -3.06
15.50, 11.95, 1.51, -3.06
19.50, 14.96, 1.78, -3.07
23.50, 18.42, 2.07, -3.07
24.50, 21.50, 2.28, -3.07
28.50, 24.96, 2.51, -3.07
30.50, 28.24, 2.68, -3.07
29.50, 30.60, 2.70, -3.06
70.50, 42.43, 4.03, -3.11
73.50, 53.12, 5.07, -3.15
78.50, 63.22, 5.91, -3.16
80.50, 71.98, 6.46, -3.17
83.50, 79.74, 6.80, -3.16
84.50, 86.10, 6.88, -3.14
85.50, 91.20, 6.76, -3.11
89.50, 95.93, 6.58, -3.09
84.50, 98.14, 6.05, -3.05
92.50, 101.34, 5.70, -3.03
87.50, 102.27, 5.05, -2.99
90.50, 103.20, 4.47, -2.96
88.50, 102.96, 3.77, -2.94
88.50, 102.25, 3.09, -2.91
89.50, 101.43, 2.46, -2.90
85.50, 99.35, 1.73, -2.88
86.50, 97.47, 1.11, -2.87
85.50, 95.33, 0.53, -2.86
87.50, 93.76, 0.11, -2.86
86.50, 92.01, -0.28, -2.86
82.50, 89.41, -0.74, -2.86
83.50, 87.36, -1.05, -2.87
81.50, 85.08, -1.35, -2.87
83.50, 83.63, -1.48, -2.88
81.50, 81.95, -1.62, -2.90
88.50, 82.29, -1.44, -2.92
89.50, 82.94, -1.22, -2.94
85.50, 82.62, -1.15, -2.95
84.50, 82.20, -1.09, -2.96
84.50, 81.92, -1.01, -2.97
91.50, 83.49, -0.68, -2.99
86.50, 83.71, -0.56, -3.00
84.50, 83.48, -0.51, -3.00
85.50, 83.59, -0.42, -3.01
85.50, 83.74, -0.34, -3.01
84.50, 83.67, -0.29, -3.01
85.50, 83.90, -0.21, -3.01
82.50, 83.40, -0.24, -3.01
81.50, 82.76, -0.29, -3.01
79.50, 81.74, -0.39, -3.00
80.50, 81.15, -0.42, -3.00
79.50, 80.43, -0.46, -3.00
72.50, 78.14, -0.72, -2.98
74.50, 76.70, -0.83, -2.98
73.50, 75.28, -0.93, -2.98
72.50, 73.89, -1.02, -2.98
71.50, 72.53, -1.08, -2.98
70.50, 71.20, -1.14, -2.98
69.50, 69.92, -1.18, -2.98
69.50, 68.92, -1.17, -2.98
69.50, 68.17, -1.13, -2.99
68.50, 67.40, -1.09, -2.99
69.50, 67.09, -0.99, -3.00
69.50, 66.93, -0.87, -3.00
66.50, 66.17, -0.85, -3.00
67.50, 65.85, -0.78, -3.01
64.50, 64.94, -0.79, -3.01
62.50, 63.75, -0.84, -3.00
60.50, 62.32, -0.92, -3.00
60.50, 61.18, -0.95, -3.00
59.50, 60.05, -0.98, -3.00
59.50, 59.17, -0.97, -3.00
57.50, 58.03, -1.00, -3.00
52.50, 55.92, -1.16, -2.99
52.50, 54.21, -1.24, -2.99
50.50, 52.35, -1.34, -2.98
48.50, 50.39, -1.44, -2.98
45.50, 48.10, -1.58, -2.98
45.50, 46.26, -1.64, -2.98
42.50, 44.10, -1.73, -2.98
40.50, 41.90, -1.82, -2.98
41.50, 40.42, -1.79, -2.98
40.50, 39.08, -1.75, -2.99
34.50, 36.64, -1.86, -2.98
34.50, 34.70, -1.88, -2.98
32.50, 32.74, -1.91, -2.99
30.50, 30.74, -1.94, -2.99
27.50, 28.48, -1.99, -2.99
1.50, 20.37, -2.86, -2.95
3.50, 14.06, -3.40, -2.93
4.50, 9.12, -3.68, -2.93
0.50, 4.21, -3.92, -2.93
1.50, 0.56, -3.95, 3.06
3.50, -1.73, -3.78, 3.05
2.50, -3.57, -3.55, 3.03
9.50, -3.06, -3.01, 3.00
5.50, -3.24, -2.61, 2.98
1.50, -4.04, -2.34, 2.97
0.50, -4.69, -2.08, 2.96
2.50, -4.48, -1.72, 2.95
-5.50, -6.01, -1.65, 2.96
2.50, -5.16, -1.26, 2.94
0.50, -4.70, -0.97, 2.94
1.50, -3.89, -0.66, 2.93
0.50, -3.29, -0.42, 2.93
2.50, -2.16, -0.14, 2.93
2.50, -1.10, 0.10, 2.93
-31.50, -8.44, -0.88, 2.98
0.50, -6.91, -0.53, 2.97
0.50, -5.48, -0.22, 2.96
0.50, -4.17, 0.03, 2.95
-26.50, -9.60, -0.69, 2.99
1.50, -7.40, -0.28, 2.98
-31.50, -13.51, -1.08, 3.02
1.50, -10.65, -0.54, 2.99
-28.50, -15.43, -1.13, 3.02
-24.50, -18.51, -1.42, 3.03
-25.50, -21.30, -1.64, 3.04
-26.50, -23.82, -1.79, 3.04
-25.50, -25.60, -1.83, 3.03
-22.50, -26.23, -1.69, 3.02
-23.50, -26.85, -1.56, 3.01
-20.50, -26.48, -1.30, 3.00
-22.50, -26.49, -1.12, 2.99
-19.50, -25.62, -0.83, 2.98
-18.50, -24.50, -0.54, 2.97
-21.50, -24.16, -0.39, 2.97
-18.50, -23.05, -0.14, 2.96
-22.50, -23.01, -0.08, 2.96
-20.50, -22.44, 0.05, 2.96
-23.50, -22.65, 0.05, 2.97
-23.50, -22.81, 0.05, 2.97
-26.50, -23.67, -0.05, 2.98
-24.50, -23.91, -0.06, 2.98
-29.50, -25.31, -0.23, 2.99
-26.50, -25.78, -0.26, 3.00
-29.50, -26.89, -0.38, 3.00
-27.50, -27.32, -0.39, 3.00
-23.50, -26.68, -0.25, 3.00
-23.50, -26.09, -0.12, 2.99
-28.50, -26.77, -0.19, 3.00
-23.50, -26.11, -0.07, 2.99
-21.50, -25.03, 0.10, 2.98
-17.50, -23.11, 0.37, 2.97
-11.50, -19.98, 0.78, 2.96
-9.50, -16.81, 1.16, 2.95
-8.50, -13.88, 1.45, 2.94
-6.50, -10.95, 1.72, 2.94
-0.50, -7.07, 2.08, 2.93
-0.50, -3.87, 2.30, 2.93
1.50, -0.79, 2.48, -3.07
4.50, 2.40, 2.64, -3.07
7.50, 5.67, 2.79, -3.06
8.50, 8.49, 2.85, -3.06
8.50, 10.67, 2.81, -3.05
7.50, 12.04, 2.65, -3.03
3.50, 11.97, 2.30, -3.01
4.50, 11.88, 1.98, -2.99
1.50, 10.83, 1.55, -2.97
-2.50, 8.73, 1.02, -2.95
-5.50, 6.00, 0.45, -2.93
-6.50, 3.25, -0.06, -2.92
-7.50, 0.54, -0.51, -2.91
-9.50, -2.33, -0.92, 3.10
-14.50, -6.04, -1.40, 3.10
-12.50, -8.72, -1.68, 3.10
-11.50, -10.71, -1.82, 3.09
-10.50, -12.07, -1.84, 3.08
-13.50, -13.84, -1.91, 3.07
-13.50, -15.22, -1.90, 3.06
-10.50, -15.52, -1.73, 3.04
-7.50, -14.89, -1.44, 3.02
-8.50, -14.42, -1.20, 3.01
-5.50, -13.15, -0.86, 2.99
-4.50, -11.68, -0.53, 2.98
-0.50, -9.33, -0.10, 2.96
-0.50, -7.23, 0.24, 2.95
-0.50, -5.38, 0.51, 2.94
2.50, -3.04, 0.82, 2.94
5.50, -0.31, 1.15, -3.07
5.50, 2.00, 1.37, -3.07
5.50, 3.92, 1.51, -3.07
6.50, 5.72, 1.61, -3.06
4.50, 6.66, 1.57, -3.05
6.50, 7.83, 1.56, -3.04
4.50, 8.21, 1.44, -3.03
8.50, 9.38, 1.43, -3.02
2.50, 8.78, 1.17, -3.01
2.50, 8.13, 0.92, -3.00
1.50, 7.20, 0.66, -2.98
3.50, 6.79, 0.49, -2.98
-1.50, 5.12, 0.17, -2.97
-2.50, 3.37, -0.13, -2.96
-4.50, 1.33, -0.44, -2.95
-4.50, -0.44, -0.67, 3.05
-6.50, -2.45, -0.91, 3.06
-4.50, -3.66, -1.00, 3.05
-7.50, -5.38, -1.15, 3.05
-9.50, -7.28, -1.31, 3.05
-6.50, -8.10, -1.29, 3.04
-8.50, -9.18, -1.30, 3.04
-7.50, -9.77, -1.24, 3.03
-5.50, -9.67, -1.08, 3.02
-6.50, -9.71, -0.95, 3.01
-5.50, -9.40, -0.78, 3.00
-6.50, -9.28, -0.65, 2.99
-4.50, -8.60, -0.46, 2.99
-1.50, -7.20, -0.19, 2.97
-2.50, -6.18, 0.01, 2.97
-5.50, -6.00, 0.06, 2.97
-2.50, -5.09, 0.21, 2.97
-0.50, -3.80, 0.39, 2.96
0.50, -2.44, 0.55, 2.96
1.50, -1.04, 0.71, 2.96
2.50, 0.37, 0.84, -3.04
2.50, 1.55, 0.93, -3.04
2.50, 2.50, 0.97, -3.03
2.50, 3.24, 0.97, -3.03
2.50, 3.80, 0.94, -3.02
3.50, 4.44, 0.92, -3.02
3.50, 4.91, 0.87, -3.01
1.50, 4.74, 0.74, -3.01
2.50, 4.76, 0.64, -3.00
0.50, 4.20, 0.48, -2.99
-0.50, 3.41, 0.29, -2.98
0.50, 2.91, 0.17, -2.98
-4.50, 1.22, -0.11, -2.97
-2.50, 0.21, -0.26, 3.03
-3.50, -0.91, -0.41, 3.03
-4.50, -2.11, -0.56, 3.04
-5.50, -3.37, -0.69, 3.04
-8.50, -5.16, -0.88, 3.04
-6.50, -6.17, -0.93, 3.04
-8.50, -7.45, -1.02, 3.04
-8.50, -8.49, -1.05, 3.03
-7.50, -9.06, -1.01, 3.03
-2.50, -8.23, -0.78, 3.01
-4.50, -7.91, -0.64, 3.00
-2.50, -7.06, -0.43, 2.99
-3.50, -6.51, -0.29, 2.99
-2.50, -5.74, -0.13, 2.98
-1.50, -4.79, 0.04, 2.98
-0.50, -3.70, 0.21, 2.97
2.50, -2.01, 0.45, 2.96
1.50, -0.80, 0.59, 2.96
3.50, 0.71, 0.75, -3.04
3.50, 1.97, 0.86, -3.04
2.50, 2.76, 0.88, -3.03
5.50, 4.11, 0.98, -3.03
4.50, 4.96, 0.99, -3.03
5.50, 5.85, 1.01, -3.03
4.50, 6.29, 0.95, -3.02
5.50, 6.82, 0.91, -3.01
3.50, 6.70, 0.78, -3.01
1.50, 6.02, 0.58, -3.00
1.50, 5.35, 0.40, -2.99
0.50, 4.46, 0.21, -2.98
-3.50, 2.66, -0.09, -2.97
-1.50, 1.57, -0.26, -2.97
-2.50, 0.36, -0.42, 3.04
-6.50, -1.65, -0.68, 3.04
-6.50, -3.37, -0.87, 3.05
-7.50, -5.05, -1.02, 3.05
-7.50, -6.44, -1.12, 3.04
-7.50, -7.56, -1.16, 3.04
-5.50, -7.95, -1.09, 3.03
-6.50, -8.42, -1.03, 3.02
-5.50, -8.50, -0.92, 3.01
-4.50, -8.22, -0.76, 3.01
-4.50, -7.88, -0.61, 3.00
-1.50, -6.79, -0.37, 2.99
-1.50, -5.77, -0.16, 2.98
-2.50, -5.08, -0.03, 2.98
-1.50, -4.22, 0.12, 2.97
0.50, -2.96, 0.31, 2.97
0.50, -1.87, 0.45, 2.97
3.50, -0.20, 0.65, -3.04
1.50, 0.72, 0.72, -3.04
3.50, 1.96, 0.83, -3.04
2.50, 2.73, 0.86, -3.03
2.50, 3.34, 0.85, -3.03
6.50, 4.76, 0.96, -3.03
1.50, 4.70, 0.84, -3.02
1.50, 4.56, 0.72, -3.01
3.50, 4.85, 0.67, -3.01
2.50, 4.78, 0.57, -3.00
-1.50, 3.68, 0.34, -2.99
-0.50, 2.90, 0.17, -2.98
-2.50, 1.71, -0.03, -2.98
-2.50, 0.64, -0.20, -2.97
-4.50, -0.78, -0.40, 3.03
-4.50, -2.00, -0.54, 3.04
-5.50, -3.28, -0.68, 3.04
-6.50, -4.60, -0.80, 3.04
-5.50, -5.44, -0.84, 3.03
-4.50, -5.86, -0.82, 3.03
-7.50, -6.89, -0.87, 3.03
-6.50, -7.46, -0.85, 3.02
-4.50, -7.39, -0.74, 3.01
-3.50, -7.00, -0.60, 3.00
-5.50, -7.09, -0.53, 3.00
-6.50, -7.34, -0.49, 3.00
-4.50, -7.02, -0.37, 2.99
-2.50, -6.19, -0.20, 2.99
-1.50, -5.19, -0.02, 2.98
-0.50, -4.05, 0.16, 2.97
-3.50, -3.78, 0.20, 2.98
3.50, -1.84, 0.47, 2.97
3.50, -0.17, 0.67, -3.04
5.50, 1.74, 0.88, -3.04
4.50, 3.09, 0.98, -3.04
5.50, 4.44, 1.07, -3.04
5.50, 5.52, 1.11, -3.03
2.50, 5.63, 1.00, -3.02
6.50, 6.61, 1.02, -3.02
2.50, 6.38, 0.87, -3.01
2.50, 6.09, 0.72, -3.00
1.50, 5.51, 0.54, -2.99
-0.50, 4.44, 0.31, -2.98
-0.50, 3.46, 0.11, -2.98
-0.50, 2.56, -0.05, -2.97
-4.50, 0.78, -0.32, -2.96
-2.50, -0.27, -0.46, 3.04
-5.50, -1.91, -0.66, 3.04
-7.50, -3.79, -0.86, 3.04
-6.50, -5.12, -0.97, 3.04
-6.50, -6.21, -1.03, 3.04
-6.50, -7.07, -1.04, 3.03
-9.50, -8.47, -1.12, 3.03
-4.50, -8.36, -0.98, 3.02
-6.50, -8.65, -0.91, 3.01
-3.50, -8.08, -0.71, 3.00
-3.50, -7.50, -0.53, 2.99
-2.50, -6.68, -0.34, 2.99
-3.50, -6.15, -0.21, 2.98
-0.50, -4.92, 0.01, 2.97
0.50, -3.57, 0.22, 2.97
-0.50, -2.64, 0.35, 2.97
4.50, -0.61, 0.62, -3.04
2.50, 0.63, 0.74, -3.04
2.50, 1.67, 0.82, -3.04
2.50, 2.50, 0.86, -3.03
0.50, 2.68, 0.80, -3.03
3.50, 3.49, 0.82, -3.02
5.50, 4.61, 0.89, -3.02
4.50, 5.26, 0.88, -3.02
0.50, 4.77, 0.70, -3.01
1.50, 4.50, 0.57, -3.00
1.50, 4.20, 0.45, -3.00
-0.50, 3.39, 0.27, -2.99
-0.50, 2.64, 0.12, -2.98
-4.50, 0.97, -0.15, -2.97
-5.50, -0.74, -0.39, 3.04
-6.50, -2.46, -0.61, 3.04
-6.50, -3.93, -0.77, 3.04
-5.50, -4.91, -0.84, 3.04
-4.50, -5.46, -0.83, 3.03
-10.50, -7.33, -1.01, 3.04
-8.50, -8.40, -1.05, 3.03
-6.50, -8.74, -0.98, 3.02
-2.50, -7.97, -0.76, 3.01
-4.50, -7.70, -0.63, 3.00
-4.50, -7.39, -0.50, 3.00
-3.50, -6.81, -0.34, 2.99
-1.50, -5.77, -0.14, 2.98
-1.50, -4.82, 0.03, 2.98
2.50, -3.00, 0.30, 2.97
1.50, -1.66, 0.48, 2.96
0.50, -0.76, 0.57, 2.96
1.50, 0.24, 0.66, -3.03
1.50, 1.06, 0.72, -3.03
2.50, 1.97, 0.77, -3.03
2.50, 2.70, 0.80, -3.03
3.50, 3.50, 0.82, -3.02
2.50, 3.89, 0.78, -3.02
1.50, 3.90, 0.69, -3.01
-0.50, 3.35, 0.53, -3.00
-0.50, 2.81, 0.38, -2.99
-1.50, 2.04, 0.22, -2.99
-0.50, 1.58, 0.11, -2.98
2.50, 1.88, 0.12, -2.99
0.50, 1.63, 0.06, -2.99
-2.50, 0.66, -0.10, -2.98
-4.50, -0.69, -0.29, 3.03
-5.50, -2.09, -0.47, 3.03
-4.50, -3.05, -0.57, 3.03
-5.50, -4.09, -0.66, 3.03
-3.50, -4.46, -0.65, 3.03
-5.50, -5.21, -0.69, 3.02
-3.50, -5.32, -0.63, 3.02
-4.50, -5.60, -0.59, 3.01
-2.50, -5.29, -0.48, 3.01
-1.50, -4.73, -0.34, 3.00
-3.50, -4.68, -0.28, 3.00
0.50, -3.63, -0.09, 2.99
-2.50, -3.42, -0.04, 2.99
-0.50, -2.73, 0.08, 2.98
0.50, -1.87, 0.20, 2.98
3.50, -0.40, 0.40, 2.97
2.50, 0.62, 0.51, -3.03
3.50, 1.72, 0.62, -3.03
4.50, 2.88, 0.72, -3.03
5.50, 4.08, 0.81, -3.03
5.50, 5.05, 0.86, -3.03
3.50, 5.33, 0.81, -3.02
3.50, 5.50, 0.74, -3.01
3.50, 5.58, 0.66, -3.01
-0.50, 4.59, 0.44, -3.00
3.50, 4.65, 0.38, -2.99
0.50, 3.92, 0.22, -2.99
0.50, 3.25, 0.08, -2.98
-3.50, 1.65, -0.17, -2.97
1.50, 1.48, -0.19, -2.98
-0.50, 0.84, -0.28, -2.98
-2.50, -0.19, -0.40, 3.03
-3.50, -1.32, -0.53, 3.03
-4.50, -2.51, -0.65, 3.03
-2.50, -3.01, -0.66, 3.03
-4.50, -3.88, -0.71, 3.02
-0.50, -3.60, -0.59, 3.02
-2.50, -3.78, -0.55, 3.01
-0.50, -3.40, -0.43, 3.00
-2.50, -3.51, -0.39, 3.00
0.50, -2.82, -0.24, 2.99
-3.50, -3.17, -0.25, 3.00
3.50, -1.72, -0.01, 2.98
3.50, -0.44, 0.19, 2.98
2.50, 0.43, 0.30, -3.02
2.50, 1.17, 0.39, -3.02
4.50, 2.29, 0.51, -3.03
5.50, 3.47, 0.63, -3.03
6.50, 4.70, 0.74, -3.03
4.50, 5.22, 0.74, -3.03
1.50, 4.88, 0.61, -3.02
2.50, 4.76, 0.52, -3.01
1.50, 4.36, 0.40, -3.00
3.50, 4.46, 0.36, -3.00
1.50, 4.01, 0.25, -2.99
0.50, 3.33, 0.11, -2.99
0.50, 2.72, 0.00, -2.99
-0.50, 1.93, -0.12, -2.98
-2.50, 0.74, -0.29, -2.98
-1.50, -0.03, -0.38, 3.02
-4.50, -1.42, -0.54, 3.03
-5.50, -2.84, -0.69, 3.03
-3.50, -3.54, -0.72, 3.03
-5.50, -4.57, -0.79, 3.03
-2.50, -4.68, -0.72, 3.02
-2.50, -4.69, -0.64, 3.01
-1.50, -4.40, -0.52, 3.01
-0.50, -3.84, -0.38, 3.00
0.50, -3.06, -0.21, 2.99
-2.50, -3.08, -0.18, 2.99
-1.50, -2.83, -0.11, 2.99
0.50, -2.09, 0.02, 2.98
-2.50, -2.17, 0.02, 2.99
1.50, -1.25, 0.16, 2.98
2.50, -0.20, 0.30, -3.02
5.50, 1.43, 0.51, -3.03
3.50, 2.33, 0.59, -3.03
4.50, 3.32, 0.67, -3.03
5.50, 4.37, 0.75, -3.03
2.50, 4.49, 0.69, -3.02
3.50, 4.78, 0.65, -3.02
1.50, 4.47, 0.53, -3.01
2.50, 4.39, 0.45, -3.00
0.50, 3.79, 0.31, -3.00
-2.50, 2.48, 0.08, -2.99
-1.50, 1.56, -0.08, -2.98
0.50, 1.23, -0.13, -2.98
-5.50, -0.52, -0.37, 3.03
-3.50, -1.54, -0.49, 3.03
-2.50, -2.16, -0.54, 3.03
-3.50, -2.90, -0.59, 3.03
-1.50, -3.01, -0.55, 3.02
-6.50, -4.29, -0.67, 3.02
-4.50, -4.85, -0.67, 3.02
-1.50, -4.55, -0.56, 3.01
-2.50, -4.47, -0.48, 3.01
-3.50, -4.60, -0.43, 3.00
2.50, -3.19, -0.18, 2.99
-2.50, -3.15, -0.14, 2.99
0.50, -2.36, 0.00, 2.98
1.50, -1.41, 0.15, 2.98
1.50, -0.58, 0.26, 2.98
2.50, 0.38, 0.38, -3.02
5.50, 1.93, 0.57, -3.03
3.50, 2.75, 0.63, -3.03
3.50, 3.42, 0.66, -3.03
6.50, 4.69, 0.77, -3.03
4.50, 5.23, 0.76, -3.02
3.50, 5.39, 0.70, -3.02
4.50, 5.71, 0.66, -3.01
1.50, 5.18, 0.51, -3.00
1.50, 4.67, 0.37, -3.00
0.50, 3.92, 0.21, -2.99
-1.50, 2.75, 0.00, -2.98
-2.50, 1.46, -0.20, -2.97
-1.50, 0.58, -0.31, -2.97
-4.50, -0.91, -0.51, 3.03
-3.50, -1.94, -0.61, 3.03
-2.50, -2.55, -0.64, 3.03
-6.50, -4.01, -0.78, 3.03
-5.50, -4.98, -0.84, 3.03
-3.50, -5.26, -0.79, 3.02
-3.50, -5.43, -0.72, 3.02
-4.50, -5.75, -0.68, 3.01
-2.50, -5.47, -0.56, 3.00
-3.50, -5.41, -0.48, 3.00
-2.50, -5.06, -0.36, 2.99
-2.50, -4.70, -0.25, 2.99
0.50, -3.62, -0.06, 2.98
-2.50, -3.38, 0.00, 2.98
2.50, -1.93, 0.22, 2.97
3.50, -0.43, 0.42, 2.97
2.50, 0.62, 0.54, -3.03
4.50, 1.99, 0.69, -3.03
5.50, 3.38, 0.82, -3.04
4.50, 4.28, 0.86, -3.03
5.50, 5.24, 0.91, -3.03
4.50, 5.76, 0.88, -3.02
4.50, 6.12, 0.83, -3.02
3.50, 6.11, 0.73, -3.01
4.50, 6.27, 0.66, -3.01
0.50, 5.36, 0.44, -2.99
2.50, 4.99, 0.33, -2.99
-1.50, 3.65, 0.08, -2.98
0.50, 2.93, -0.05, -2.98
-2.50, 1.56, -0.26, -2.97
-3.50, 0.11, -0.45, 3.03
-4.50, -1.37, -0.63, 3.04
-4.50, -2.62, -0.75, 3.04
-4.50, -3.66, -0.82, 3.04
-4.50, -4.50, -0.86, 3.03
-2.50, -4.67, -0.79, 3.02
-3.50, -4.99, -0.75, 3.02
-5.50, -5.69, -0.76, 3.02
-4.50, -5.98, -0.71, 3.01
-2.50, -5.67, -0.58, 3.00
-0.50, -4.84, -0.38, 2.99
-1.50, -4.31, -0.25, 2.99
-2.50, -4.05, -0.17, 2.99
-0.50, -3.31, -0.03, 2.98
1.50, -2.14, 0.16, 2.98
4.50, -0.39, 0.40, -3.03
4.50, 1.12, 0.59, -3.04
3.50, 2.16, 0.68, -3.04
3.50, 3.02, 0.74, -3.03
3.50, 3.71, 0.77, -3.03
3.50, 4.25, 0.76, -3.02
3.50, 4.65, 0.73, -3.02
-0.50, 3.95, 0.55, -3.01
1.50, 3.77, 0.46, -3.00
-0.50, 3.07, 0.30, -2.99
-0.50, 2.42, 0.16, -2.99
-0.50, 1.82, 0.04, -2.99
-1.50, 1.03, -0.09, -2.98
-4.50, -0.39, -0.29, 3.03
-3.50, -1.38, -0.41, 3.03
-3.50, -2.23, -0.50, 3.03
-8.50, -4.15, -0.72, 3.03
-7.50, -5.53, -0.85, 3.03
-5.50, -6.18, -0.85, 3.03
-9.50, -7.64, -0.97, 3.03
-7.50, -8.35, -0.96, 3.03
-5.50, -8.39, -0.85, 3.02
-4.50, -8.09, -0.71, 3.01
-1.50, -7.01, -0.47, 3.00
-0.50, -5.77, -0.22, 2.98
-1.50, -4.89, -0.05, 2.98
-1.50, -4.09, 0.09, 2.98
-0.50, -3.14, 0.23, 2.97
-0.50, -2.31, 0.34, 2.97
0.50, -1.35, 0.45, 2.97
3.50, 0.19, 0.63, -3.03
4.50, 1.73, 0.79, -3.04
4.50, 3.02, 0.90, -3.04
3.50, 3.83, 0.92, -3.03
3.50, 4.45, 0.91, -3.03
2.50, 4.67, 0.83, -3.02
2.50, 4.78, 0.75, -3.01
5.50, 5.52, 0.76, -3.01
0.50, 4.87, 0.57, -3.00
1.50, 4.48, 0.44, -2.99
-1.50, 3.35, 0.21, -2.98
-0.50, 2.56, 0.06, -2.98
-2.50, 1.36, -0.14, -2.97
-4.50, -0.19, -0.36, 3.03
-4.50, -1.53, -0.53, 3.04
-10.50, -4.14, -0.85, 3.05
-8.50, -5.86, -1.02, 3.05
-11.50, -8.03, -1.22, 3.05
-6.50, -8.60, -1.18, 3.04
-5.50, -8.75, -1.07, 3.03
-4.50, -8.53, -0.92, 3.02
-6.50, -8.73, -0.83, 3.01
-5.50, -8.57, -0.71, 3.00
-1.50, -7.38, -0.44, 2.99
-1.50, -6.27, -0.22, 2.98
-0.50, -5.02, 0.01, 2.97
-1.50, -4.14, 0.15, 2.97
0.50, -2.88, 0.33, 2.97
0.50, -1.79, 0.47, 2.96
2.50, -0.37, 0.64, -3.04
3.50, 1.07, 0.79, -3.04
4.50, 2.52, 0.91, -3.04
2.50, 3.22, 0.92, -3.03
3.50, 4.00, 0.93, -3.03
3.50, 4.59, 0.91, -3.02
3.50, 5.02, 0.87, -3.02
1.50, 4.82, 0.74, -3.01
4.50, 5.30, 0.71, -3.01
3.50, 5.40, 0.63, -3.00
1.50, 4.92, 0.48, -2.99
0.50, 4.20, 0.30, -2.99
-1.50, 3.03, 0.09, -2.98
-3.50, 1.49, -0.16, -2.97
-5.50, -0.36, -0.43, 3.04
-8.50, -2.69, -0.73, 3.05
-7.50, -4.43, -0.91, 3.05
-7.50, -5.89, -1.03, 3.05
-8.50, -7.33, -1.13, 3.04
-5.50, -7.75, -1.08, 3.04
-9.50, -9.01, -1.13, 3.03
-6.50, -9.26, -1.04, 3.02
-4.50, -8.89, -0.87, 3.01
-6.50, -8.97, -0.77, 3.01
-4.50, -8.45, -0.59, 3.00
-1.50, -7.20, -0.33, 2.98
-0.50, -5.80, -0.07, 2.97
-1.50, -4.80, 0.10, 2.97
-0.50, -3.66, 0.27, 2.97
-1.50, -2.91, 0.37, 2.97
-0.50, -2.03, 0.47, 2.97
-0.50, -1.28, 0.54, 2.97
1.50, -0.18, 0.65, -3.03
5.50, 1.71, 0.85, -3.04
5.50, 3.30, 0.99, -3.04
5.50, 4.60, 1.07, -3.04
2.50, 4.91, 1.00, -3.03
5.50, 5.81, 1.01, -3.02
2.50, 5.77, 0.88, -3.01
4.50, 6.14, 0.82, -3.01
0.50, 5.38, 0.61, -3.00
2.50, 5.14, 0.49, -2.99
-0.50, 4.13, 0.27, -2.98
-1.50, 2.95, 0.06, -2.98
-2.50, 1.65, -0.16, -2.97
-4.50, 0.01, -0.39, 3.04
-3.50, -1.16, -0.54, 3.04
-5.50, -2.64, -0.71, 3.04
-6.50, -4.13, -0.85, 3.04
-6.50, -5.37, -0.95, 3.04
-3.50, -5.64, -0.89, 3.03
-3.50, -5.80, -0.82, 3.02
-3.50, -5.86, -0.73, 3.02
-0.50, -5.11, -0.54, 3.00
-0.50, -4.39, -0.37, 3.00
-0.50, -3.71, -0.22, 2.99
-0.50, -3.09, -0.09, 2.98
-0.50, -2.52, 0.02, 2.98
1.50, -1.51, 0.17, 2.98
1.50, -0.64, 0.29, 2.98
3.50, 0.61, 0.45, -3.03
3.50, 1.66, 0.56, -3.03
6.50, 3.28, 0.74, -3.03
5.50, 4.39, 0.82, -3.03
3.50, 4.81, 0.79, -3.03
4.50, 5.34, 0.78, -3.02
5.50, 5.98, 0.78, -3.02
3.50, 5.97, 0.69, -3.01
2.50, 5.64, 0.56, -3.00
1.50, 5.05, 0.40, -3.00
0.50, 4.24, 0.23, -2.99
1.50, 3.74, 0.11, -2.98
-0.50, 2.78, -0.05, -2.98
0.50, 2.17, -0.15, -2.98
-0.50, 1.40, -0.26, -2.98
-4.50, -0.25, -0.47, 3.03
-3.50, -1.41, -0.60, 3.03
-4.50, -2.63, -0.72, 3.03
-2.50, -3.15, -0.72, 3.03
-4.50, -4.04, -0.77, 3.03
-2.50, -4.25, -0.72, 3.02
-0.50, -3.88, -0.58, 3.01
-4.50, -4.48, -0.59, 3.01
1.50, -3.47, -0.38, 3.00
-1.50, -3.27, -0.30, 2.99
-1.50, -3.06, -0.22, 2.99
-1.50, -2.84, -0.15, 2.99
2.50, -1.64, 0.05, 2.98
2.50, -0.59, 0.21, 2.98
3.50, 0.58, 0.36, -3.03
5.50, 2.06, 0.54, -3.03
4.50, 3.08, 0.64, -3.03
2.50, 3.43, 0.63, -3.03
4.50, 4.18, 0.67, -3.02
3.50, 4.53, 0.65, -3.02
1.50, 4.28, 0.54, -3.01
5.50, 4.99, 0.57, -3.01
0.50, 4.33, 0.41, -3.00
-1.50, 3.22, 0.20, -2.99
0.50, 2.70, 0.09, -2.99
-0.50, 1.98, -0.03, -2.98
-3.50, 0.61, -0.23, -2.98
-0.50, 0.15, -0.29, 3.02
-2.50, -0.72, -0.39, 3.02
-3.50, -1.70, -0.50, 3.03
-3.50, -2.53, -0.56, 3.02
-3.50, -3.20, -0.60, 3.02
-5.50, -4.23, -0.68, 3.02
-0.50, -3.84, -0.56, 3.01
-2.50, -3.94, -0.50, 3.01
-2.50, -3.97, -0.45, 3.01
-0.50, -3.46, -0.32, 3.00
0.50, -2.73, -0.17, 2.99
2.50, -1.58, 0.02, 2.98
-1.50, -1.53, 0.04, 2.99
0.50, -1.00, 0.12, 2.98
5.50, 0.69, 0.36, -3.02
5.50, 2.15, 0.54, -3.03
6.50, 3.63, 0.70, -3.03
1.50, 3.64, 0.63, -3.02
1.50, 3.61, 0.56, -3.02
1.50, 3.52, 0.49, -3.01
3.50, 3.89, 0.48, -3.01
2.50, 3.91, 0.43, -3.01
0.50, 3.40, 0.30, -3.00
2.50, 3.41, 0.26, -3.00
0.50, 2.89, 0.15, -2.99
1.50, 2.66, 0.09, -2.99
1.50, 2.44, 0.03, -2.99
-2.50, 1.25, -0.15, -2.98
-3.50, -0.03, -0.32, 3.02
-2.50, -0.88, -0.42, 3.02
-3.50, -1.85, -0.52, 3.03
-1.50, -2.16, -0.51, 3.02
-3.50, -2.88, -0.56, 3.02
-0.50, -2.73, -0.48, 3.01
-5.50, -3.78, -0.57, 3.02
-4.50, -4.39, -0.59, 3.01
-1.50, -4.14, -0.49, 3.01
0.50, -3.37, -0.32, 3.00
-0.50, -2.91, -0.21, 2.99
3.50, -1.50, 0.02, 2.98
2.50, -0.49, 0.18, 2.98
3.50, 0.62, 0.33, -3.03
2.50, 1.34, 0.41, -3.03
5.50, 2.68, 0.56, -3.03
3.50, 3.31, 0.60, -3.03
3.50, 3.82, 0.61, -3.02
1.50, 3.72, 0.53, -3.02
6.50, 4.81, 0.62, -3.02
4.50, 5.21, 0.61, -3.01
4.50, 5.50, 0.58, -3.01
-1.50, 4.23, 0.33, -3.00
1.50, 3.81, 0.22, -2.99
2.50, 3.66, 0.16, -2.99
-0.50, 2.76, 0.01, -2.99
-2.50, 1.47, -0.19, -2.98
-1.50, 0.59, -0.31, -2.98
0.50, 0.33, -0.32, -2.98
-5.50, -1.35, -0.53, 3.03
-6.50, -3.02, -0.72, 3.03
-3.50, -3.69, -0.74, 3.03
-3.50, -4.22, -0.74, 3.02
-6.50, -5.34, -0.82, 3.02
-3.50, -5.52, -0.75, 3.02
-3.50, -5.60, -0.67, 3.01
-2.50, -5.35, -0.55, 3.00
-1.50, -4.83, -0.41, 3.00
-4.50, -5.05, -0.38, 3.00
-1.50, -4.47, -0.24, 2.99
-1.50, -3.92, -0.12, 2.99
-1.50, -3.41, -0.02, 2.98
-0.50, -2.71, 0.10, 2.98
0.50, -1.84, 0.22, 2.98
1.50, -0.85, 0.35, 2.97
2.50, 0.25, 0.48, -3.03
5.50, 1.91, 0.67, -3.03
5.50, 3.31, 0.80, -3.03
2.50, 3.73, 0.78, -3.03
2.50, 4.03, 0.74, -3.02
1.50, 3.98, 0.65, -3.01
1.50, 3.87, 0.56, -3.01
4.50, 4.45, 0.57, -3.01
2.50, 4.40, 0.49, -3.00
2.50, 4.31, 0.41, -3.00
-1.50, 3.20, 0.19, -2.99
0.50, 2.68, 0.08, -2.99
-1.50, 1.71, -0.08, -2.98
-1.50, 0.86, -0.20, -2.98
-4.50, -0.61, -0.40, 3.03
-2.50, -1.39, -0.48, 3.03
-5.50, -2.77, -0.64, 3.03
-2.50, -3.20, -0.64, 3.03
-3.50, -3.76, -0.65, 3.02
-4.50, -4.44, -0.68, 3.02
-2.50, -4.49, -0.61, 3.02
-4.50, -4.96, -0.60, 3.01
-2.50, -4.82, -0.51, 3.01
-3.50, -4.88, -0.45, 3.00
-1.50, -4.40, -0.33, 3.00
2.50, -2.95, -0.07, 2.99
2.50, -1.67, 0.13, 2.98
1.50, -0.79, 0.26, 2.97
4.50, 0.71, 0.45, -3.03
5.50, 2.23, 0.63, -3.03
2.50, 2.79, 0.65, -3.03
5.50, 3.96, 0.75, -3.03
2.50, 4.18, 0.71, -3.02
6.50, 5.29, 0.79, -3.02
3.50, 5.46, 0.72, -3.02
4.50, 5.78, 0.68, -3.01
3.50, 5.74, 0.59, -3.01
3.50, 5.64, 0.50, -3.00
-2.50, 4.03, 0.21, -2.99
-0.50, 3.07, 0.03, -2.98
-3.50, 1.48, -0.21, -2.97
-0.50, 0.83, -0.30, -2.97
-1.50, 0.02, -0.40, 3.03
-2.50, -0.90, -0.50, 3.03
-5.50, -2.41, -0.66, 3.03
-4.50, -3.44, -0.75, 3.03
-4.50, -4.27, -0.79, 3.03
-2.50, -4.44, -0.73, 3.02
-1.50, -4.28, -0.62, 3.01
-5.50, -5.06, -0.66, 3.01
-1.50, -4.69, -0.53, 3.01
-0.50, -4.06, -0.37, 3.00
-0.50, -3.47, -0.23, 2.99
0.50, -2.67, -0.08, 2.99
4.50, -0.97, 0.18, 2.97
-0.50, -0.70, 0.22, 2.98
2.50, 0.25, 0.34, -3.03
4.50, 1.56, 0.50, -3.03
1.50, 1.94, 0.51, -3.03
4.50, 2.96, 0.61, -3.03
2.50, 3.32, 0.60, -3.02
6.50, 4.55, 0.71, -3.02
4.50, 5.08, 0.70, -3.02
0.50, 4.50, 0.54, -3.01
3.50, 4.67, 0.50, -3.01
-0.50, 3.78, 0.31, -3.00
1.50, 3.46, 0.22, -2.99
1.50, 3.14, 0.14, -2.99
-2.50, 1.86, -0.07, -2.98
-1.50, 0.98, -0.20, -2.98
-3.50, -0.28, -0.37, 3.03
-3.50, -1.36, -0.49, 3.03
-2.50, -2.02, -0.54, 3.03
-3.50, -2.81, -0.60, 3.03
-5.50, -3.93, -0.70, 3.03
-2.50, -4.12, -0.65, 3.02
-5.50, -4.96, -0.70, 3.02
-2.50, -4.89, -0.61, 3.01
-0.50, -4.28, -0.45, 3.00
-1.50, -3.94, -0.34, 3.00
-0.50, -3.36, -0.21, 2.99
3.50, -1.83, 0.04, 2.98
1.50, -0.98, 0.17, 2.98
3.50, 0.26, 0.34, -3.03
1.50, 0.83, 0.40, -3.03
-1.50, 0.57, 0.33, -3.02
4.50, 1.79, 0.47, -3.02
0.50, 1.84, 0.43, -3.02
1.50, 2.09, 0.43, -3.01
0.50, 2.03, 0.37, -3.01
2.50, 2.43, 0.38, -3.01
1.50, 2.49, 0.35, -3.01
-2.50, 1.54, 0.17, -3.00
-2.50, 0.68, 0.02, -2.99
-3.50, -0.33, -0.13, 3.02
-6.50, -1.95, -0.35, 3.02
-4.50, -2.85, -0.45, 3.02
-0.50, -2.62, -0.38, 3.02
-1.50, -2.64, -0.35, 3.01
-1.50, -2.63, -0.31, 3.01
-0.50, -2.34, -0.23, 3.00
-1.50, -2.32, -0.20, 3.00
0.50, -1.78, -0.10, 3.00
-2.50, -2.03, -0.12, 3.00
2.50, -1.01, 0.04, 2.99
1.50, -0.37, 0.13, 2.99
1.50, 0.20, 0.20, -3.01
1.50, 0.68, 0.26, -3.01
3.50, 1.56, 0.36, -3.02
3.50, 2.31, 0.43, -3.02
4.50, 3.18, 0.50, -3.02
3.50, 3.65, 0.52, -3.02
1.50, 3.52, 0.44, -3.01
1.50, 3.36, 0.37, -3.01
-1.50, 2.45, 0.19, -3.00
0.50, 2.12, 0.12, -2.99
-1.50, 1.32, -0.02, -2.99
0.50, 1.10, -0.06, -2.99
-5.50, -0.56, -0.29, 3.02
-2.50, -1.27, -0.37, 3.02
-6.50, -2.84, -0.56, 3.03
-2.50, -3.19, -0.56, 3.02
-1.50, -3.20, -0.50, 3.02
-0.50, -2.93, -0.41, 3.01
-3.50, -3.38, -0.42, 3.01
-0.50, -3.00, -0.32, 3.00
-1.50, -2.88, -0.26, 3.00
1.50, -2.00, -0.10, 2.99
-2.50, -2.20, -0.11, 2.99
0.50, -1.62, -0.01, 2.99
3.50, -0.37, 0.18, 2.98
1.50, 0.23, 0.25, -3.02
2.50, 0.98, 0.34, -3.02
4.50, 2.11, 0.47, -3.02
4.50, 3.06, 0.56, -3.02
1.50, 3.10, 0.51, -3.02
3.50, 3.59, 0.52, -3.02
2.50, 3.72, 0.48, -3.01
3.50, 4.04, 0.47, -3.01
2.50, 4.02, 0.41, -3.01
0.50, 3.47, 0.28, -3.00
2.50, 3.44, 0.24, -3.00
-0.50, 2.65, 0.09, -2.99
-3.50, 1.21, -0.14, -2.98
-2.50, 0.19, -0.28, 3.02
-2.50, -0.68, -0.38, 3.02
-0.50, -0.94, -0.39, 3.02
-1.50, -1.37, -0.41, 3.02
-3.50, -2.21, -0.49, 3.02
-0.50, -2.17, -0.44, 3.01
-3.50, -2.83, -0.48, 3.01
-0.50, -2.63, -0.40, 3.01
-1.50, -2.66, -0.35, 3.01
-1.50, -2.64, -0.31, 3.00
-1.50, -2.60, -0.26, 3.00
2.50, -1.54, -0.08, 2.99
0.50, -1.10, 0.01, 2.99
3.50, 0.04, 0.17, -3.02
7.50, 2.00, 0.44, -3.03
8.50, 3.94, 0.68, -3.03
14.50, 7.05, 1.05, -3.05
15.50, 9.93, 1.35, -3.05
22.50, 14.04, 1.79, -3.07
24.50, 17.98, 2.15, -3.07
33.50, 23.43, 2.68, -3.09
29.50, 26.97, 2.89, -3.08
30.50, 30.05, 2.99, -3.08
34.50, 33.43, 3.12, -3.07
31.50, 35.34, 3.01, -3.06
34.50, 37.43, 2.94, -3.04
33.50, 38.70, 2.75, -3.03
29.50, 38.54, 2.37, -3.01
32.50, 38.85, 2.08, -2.99
31.50, 38.62, 1.75, -2.98
28.50, 37.46, 1.33, -2.96
30.50, 36.74, 1.00, -2.95
29.50, 35.71, 0.67, -2.94
24.50, 33.45, 0.21, -2.93
25.50, 31.64, -0.14, -2.92
24.50, 29.76, -0.45, -2.92
25.50, 28.34, -0.66, -2.92
24.50, 26.87, -0.85, -2.92
21.50, 24.89, -1.08, -2.92
19.50, 22.73, -1.30, -2.93
21.50, 21.42, -1.37, -2.93
21.50, 20.38, -1.39, -2.94
19.50, 19.09, -1.43, -2.95
16.50, 17.36, -1.52, -2.95
14.50, 15.50, -1.61, -2.95
17.50, 14.76, -1.53, -2.97
15.50, 13.77, -1.49, -2.97
14.50, 12.82, -1.44, -2.98
15.50, 12.38, -1.32, -2.99
12.50, 11.41, -1.28, -2.99
10.50, 10.22, -1.28, -2.99
14.50, 10.30, -1.09, -3.00
8.50, 9.03, -1.11, -3.00
9.50, 8.31, -1.06, -3.00
7.50, 7.31, -1.05, -3.00
6.50, 6.32, -1.04, -3.00
7.50, 5.83, -0.96, -3.01
8.50, 5.76, -0.83, -3.01
7.50, 5.57, -0.73, -3.01
1.50, 4.03, -0.83, -3.01
3.50, 3.28, -0.81, -3.01
3.50, 2.73, -0.77, -3.01
2.50, 2.10, -0.74, -3.01
1.50, 1.40, -0.73, -3.01
-0.50, 0.39, -0.76, 2.99
-4.50, -1.38, -0.89, 3.00
-3.50, -2.57, -0.94, 3.00
-1.50, -3.02, -0.87, 3.00
-1.50, -3.31, -0.79, 3.00
-3.50, -3.95, -0.77, 3.00
-1.50, -3.93, -0.65, 2.99
-1.50, -3.82, -0.54, 2.99
-1.50, -3.66, -0.43, 2.98
-1.50, -3.44, -0.32, 2.98
-3.50, -3.69, -0.29, 2.98
-1.50, -3.37, -0.19, 2.98
-0.50, -2.81, -0.07, 2.98
0.50, -2.04, 0.07, 2.97
-0.50, -1.60, 0.15, 2.97
2.50, -0.48, 0.31, 2.97
3.50, 0.74, 0.46, -3.03
3.50, 1.78, 0.57, -3.03
2.50, 2.40, 0.61, -3.03
5.50, 3.63, 0.72, -3.03
1.50, 3.67, 0.66, -3.02
2.50, 3.89, 0.62, -3.02
2.50, 4.02, 0.57, -3.01
1.50, 3.84, 0.47, -3.01
-4.50, 2.15, 0.18, -2.99
-9.50, -0.57, -0.24, 3.03
-23.50, -6.37, -1.04, 3.06
-24.50, -11.61, -1.69, 3.08
-28.50, -17.05, -2.29, 3.10
-31.50, -22.35, -2.80, 3.11
-36.50, -27.97, -3.30, 3.12
-35.50, -32.35, -3.55, 3.11
-37.50, -36.33, -3.72, 3.10
-36.50, -39.22, -3.70, 3.09
-36.50, -41.38, -3.56, 3.07
-36.50, -42.90, -3.34, 3.05
-35.50, -43.63, -3.02, 3.02
-31.50, -42.95, -2.52, 3.00
-35.50, -43.03, -2.18, 2.98
-32.50, -42.09, -1.72, 2.96
-31.50, -40.79, -1.27, 2.95
-28.50, -38.71, -0.75, 2.93
-29.50, -37.00, -0.34, 2.92
-27.50, -34.90, 0.08, 2.91
-26.50, -32.75, 0.45, 2.91
-26.50, -30.85, 0.73, 2.91
-25.50, -28.95, 0.98, 2.91
-23.50, -26.84, 1.22, 2.91
-26.50, -25.80, 1.28, 2.92
-23.50, -24.24, 1.39, 2.93
-24.50, -23.23, 1.41, 2.94
-22.50, -21.96, 1.44, 2.95
-19.50, -20.25, 1.53, 2.95
-20.50, -19.14, 1.52, 2.96
-17.50, -17.57, 1.57, 2.96
-20.50, -17.09, 1.45, 2.97
-15.50, -15.60, 1.48, 2.98
-17.50, -14.94, 1.39, 2.98
-16.50, -14.26, 1.30, 2.99
-14.50, -13.33, 1.26, 2.99
-15.50, -12.91, 1.15, 3.00
-12.50, -11.94, 1.13, 3.00
-11.50, -10.98, 1.10, 3.00
-10.50, -10.03, 1.08, 3.00
-9.50, -9.09, 1.06, 3.00
-9.50, -8.39, 1.00, 3.01
-8.50, -7.66, 0.96, 3.01
-12.50, -8.12, 0.76, 3.02
-8.50, -7.65, 0.70, 3.02
-4.50, -6.36, 0.77, 3.01
-3.50, -5.08, 0.83, 3.01
-5.50, -4.56, 0.78, 3.01
-1.50, -3.22, 0.85, 3.00
-4.50, -2.89, 0.78, 3.01
-0.50, -1.72, 0.83, 3.00
2.50, -0.06, 0.94, -3.00
-0.50, 0.54, 0.90, -3.00
0.50, 1.21, 0.87, -3.00
3.50, 2.42, 0.91, -3.00
4.50, 3.62, 0.95, -3.00
2.50, 4.07, 0.89, -3.00
2.50, 4.35, 0.80, -3.00
-1.50, 3.53, 0.57, -2.99
2.50, 3.70, 0.50, -2.98
-2.50, 2.55, 0.25, -2.97
-0.50, 1.99, 0.12, -2.97
0.50, 1.70, 0.03, -2.97
-0.50, 1.18, -0.07, -2.97
0.50, 0.95, -0.12, -2.97
-0.50, 0.49, -0.19, -2.97
2.50, 0.83, -0.14, -2.98
-1.50, 0.15, -0.24, 3.02
-1.50, -0.44, -0.30, 3.02
-2.50, -1.18, -0.39, 3.02
-0.50, -1.32, -0.37, 3.02
-6.50, -2.87, -0.55, 3.02
-0.50, -2.72, -0.48, 3.02
-3.50, -3.28, -0.50, 3.02
-0.50, -2.98, -0.41, 3.01
0.50, -2.44, -0.28, 3.00
1.50, -1.69, -0.14, 2.99
-0.50, -1.50, -0.09, 2.99
5.50, 0.15, 0.16, -3.02
3.50, 1.09, 0.29, -3.02
4.50, 2.15, 0.42, -3.02
7.50, 3.78, 0.61, -3.03
6.50, 4.92, 0.71, -3.03
2.50, 4.87, 0.63, -3.02
5.50, 5.51, 0.65, -3.02
4.50, 5.76, 0.61, -3.01
2.50, 5.44, 0.50, -3.01
2.50, 5.10, 0.39, -3.00
-0.50, 4.02, 0.18, -2.99
-3.50, 2.31, -0.09, -2.98
-1.50, 1.30, -0.24, -2.98
-0.50, 0.67, -0.32, -2.98
4.50, 1.36, -0.20, -2.98
8.50, 2.95, 0.04, -3.00
10.50, 4.83, 0.29, -3.01
12.50, 6.93, 0.56, -3.02
13.50, 8.97, 0.78, -3.03
17.50, 11.66, 1.08, -3.04
15.50, 13.43, 1.21, -3.04
15.50, 14.86, 1.28, -3.04
12.50, 15.27, 1.19, -3.03
14.50, 15.99, 1.15, -3.02
10.50, 15.52, 0.94, -3.01
12.50, 15.50, 0.81, -3.00
10.50, 14.89, 0.62, -2.99
9.50, 14.03, 0.40, -2.98
8.50, 12.98, 0.18, -2.97
5.50, 11.27, -0.11, -2.97
6.50, 10.01, -0.30, -2.96
7.50, 9.16, -0.41, -2.96
3.50, 7.45, -0.63, -2.96
3.50, 5.99, -0.79, -2.96
1.50, 4.28, -0.96, -2.95
0.50, 2.61, -1.10, -2.95
0.50, 1.25, -1.18, -2.96
0.50, 0.16, -1.21, 3.04
0.50, -0.68, -1.19, 3.03
-1.50, -1.79, -1.21, 3.03
-0.50, -2.40, -1.15, 3.02
-2.50, -3.30, -1.13, 3.02
0.50, -3.23, -0.98, 3.01
-1.50, -3.55, -0.90, 3.00
-1.50, -3.73, -0.80, 3.00
2.50, -2.80, -0.55, 2.99
-2.50, -3.14, -0.51, 2.99
2.50, -2.14, -0.29, 2.98
1.50, -1.46, -0.13, 2.97
4.50, -0.09, 0.11, -3.03
3.50, 0.88, 0.26, -3.04
1.50, 1.24, 0.31, -3.03
4.50, 2.28, 0.44, -3.03
6.50, 3.66, 0.60, -3.04
6.50, 4.82, 0.72, -3.04
8.50, 6.28, 0.85, -3.04
6.50, 6.99, 0.87, -3.03
8.50, 8.03, 0.92, -3.03
8.50, 8.85, 0.94, -3.03
10.50, 9.97, 0.99, -3.03
10.50, 10.86, 1.00, -3.02
13.50, 12.27, 1.08, -3.02
10.50, 12.66, 1.00, -3.02
13.50, 13.62, 1.01, -3.01
14.50, 14.61, 1.02, -3.01
13.50, 15.11, 0.96, -3.01
15.50, 15.93, 0.95, -3.01
18.50, 17.28, 1.01, -3.01
15.50, 17.61, 0.92, -3.00
15.50, 17.79, 0.82, -3.00
16.50, 18.09, 0.74, -2.99
16.50, 18.26, 0.66, -2.99
17.50, 18.57, 0.60, -2.99
16.50, 18.51, 0.50, -2.99
15.50, 18.15, 0.37, -2.98
18.50, 18.50, 0.35, -2.98
18.50, 18.76, 0.32, -2.98
17.50, 18.69, 0.25, -2.98
15.50, 18.09, 0.12, -2.98
18.50, 18.27, 0.11, -2.98
15.50, 17.67, -0.01, -2.98
16.50, 17.37, -0.07, -2.98
14.50, 16.61, -0.18, -2.98
14.50, 15.94, -0.27, -2.98
17.50, 16.11, -0.23, -2.98
15.50, 15.78, -0.26, -2.98
16.50, 15.75, -0.25, -2.99
15.50, 15.50, -0.26, -2.99
15.50, 15.30, -0.26, -2.99
15.50, 15.14, -0.26, -2.99
14.50, 14.79, -0.28, -2.99
13.50, 14.26, -0.32, -2.99
16.50, 14.56, -0.24, -3.00
11.50, 13.63, -0.34, -2.99
12.50, 13.09, -0.38, -2.99
11.50, 12.41, -0.43, -2.99
13.50, 12.35, -0.39, -2.99
11.50, 11.85, -0.41, -2.99
7.50, 10.47, -0.55, -2.99
6.50, 9.08, -0.68, -2.98
6.50, 7.93, -0.76, -2.98
10.50, 7.98, -0.66, -2.99
8.50, 7.60, -0.63, -2.99
6.50, 6.85, -0.66, -2.99
8.50, 6.75, -0.59, -3.00
5.50, 6.00, -0.61, -3.00
7.50, 5.91, -0.54, -3.00
1.50, 4.42, -0.68, -2.99
3.50, 3.68, -0.69, -2.99
3.50, 3.11, -0.68, -3.00
-3.50, 0.98, -0.89, -2.99
0.50, 0.19, -0.89, 3.01
1.50, -0.17, -0.82, 3.01
-1.50, -1.12, -0.85, 3.01
-5.50, -2.83, -0.98, 3.01
-0.50, -3.00, -0.87, 3.01
-3.50, -3.79, -0.87, 3.00
-2.50, -4.13, -0.80, 3.00
-5.50, -5.07, -0.82, 3.00
-7.50, -6.28, -0.87, 3.00
-7.50, -7.24, -0.89, 3.00
-7.50, -7.98, -0.87, 3.00
-10.50, -9.25, -0.93, 3.00
-10.50, -10.26, -0.95, 3.00
-10.50, -11.04, -0.93, 3.00
-14.50, -12.59, -1.02, 3.01
-12.50, -13.34, -0.99, 3.00
-11.50, -13.63, -0.89, 3.00
-14.50, -14.52, -0.89, 3.00
-14.50, -15.19, -0.86, 3.00
-13.50, -15.43, -0.77, 2.99
-15.50, -16.03, -0.74, 2.99
-16.50, -16.70, -0.73, 2.99
-13.50, -16.46, -0.59, 2.99
-18.50, -17.40, -0.62, 2.99
-15.50, -17.40, -0.53, 2.99
-14.50, -17.09, -0.40, 2.98
-19.50, -17.98, -0.45, 2.99
-15.50, -17.71, -0.34, 2.99
-15.50, -17.42, -0.24, 2.98
-16.50, -17.37, -0.18, 2.98
-18.50, -17.78, -0.20, 2.99
-18.50, -18.10, -0.20, 2.99
-16.50, -17.86, -0.13, 2.99
-21.50, -18.84, -0.24, 2.99
-18.50, -18.93, -0.21, 2.99
-15.50, -18.25, -0.08, 2.99
-17.50, -18.12, -0.04, 2.99
-19.50, -18.48, -0.07, 2.99
-16.50, -18.05, 0.01, 2.99
-17.50, -17.91, 0.04, 2.99
-15.50, -17.29, 0.13, 2.99
-16.50, -16.99, 0.16, 2.99
-15.50, -16.50, 0.22, 2.99
-17.50, -16.57, 0.19, 2.99
-15.50, -16.16, 0.24, 2.99
-14.50, -15.57, 0.29, 2.99
-16.50, -15.57, 0.26, 2.99
-16.50, -15.59, 0.23, 2.99
-16.50, -15.64, 0.20, 3.00
-18.50, -16.19, 0.10, 3.00
-14.50, -15.70, 0.15, 3.00
-14.50, -15.29, 0.19, 3.00
-13.50, -14.71, 0.25, 2.99
-12.50, -13.98, 0.32, 2.99
-14.50, -13.86, 0.30, 2.99
-17.50, -14.53, 0.17, 3.00
-16.50, -14.88, 0.09, 3.00
-10.50, -13.74, 0.24, 3.00
-11.50, -13.01, 0.31, 2.99
-11.50, -12.41, 0.35, 2.99
-11.50, -11.92, 0.38, 2.99
-8.50, -10.79, 0.49, 2.99
-7.50, -9.61, 0.60, 2.99
-5.50, -8.15, 0.73, 2.98
-7.50, -7.43, 0.75, 2.98
-4.50, -6.14, 0.84, 2.98
-6.50, -5.59, 0.82, 2.99
-2.50, -4.21, 0.91, 2.98
-2.50, -3.10, 0.95, 2.98
-2.50, -2.22, 0.96, 2.99
-0.50, -1.07, 1.00, 2.99
-2.50, -0.66, 0.93, -3.01
1.50, 0.57, 0.98, -3.01
0.50, 1.30, 0.95, -3.01
1.50, 2.07, 0.94, -3.01
2.50, 2.88, 0.92, -3.00
4.50, 3.98, 0.95, -3.00
5.50, 5.07, 0.97, -3.01
7.50, 6.40, 1.03, -3.01
9.50, 7.94, 1.11, -3.01
5.50, 8.18, 1.00, -3.00
7.50, 8.77, 0.94, -3.00
7.50, 9.17, 0.86, -3.00
9.50, 9.90, 0.84, -3.00
9.50, 10.44, 0.80, -2.99
11.50, 11.30, 0.80, -3.00
13.50, 12.44, 0.84, -3.00
14.50, 13.58, 0.88, -3.00
14.50, 14.47, 0.88, -3.00
15.50, 15.39, 0.89, -3.00
17.50, 16.58, 0.93, -3.00
14.50, 16.77, 0.83, -3.00
13.50, 16.60, 0.69, -2.99
18.50, 17.58, 0.72, -2.99
15.50, 17.61, 0.62, -2.99
16.50, 17.80, 0.55, -2.99
18.50, 18.38, 0.54, -2.99
14.50, 17.84, 0.38, -2.98
18.50, 18.28, 0.37, -2.99
18.50, 18.61, 0.35, -2.99
21.50, 19.58, 0.43, -2.99
21.50, 20.37, 0.47, -3.00
21.50, 21.00, 0.49, -3.00
20.50, 21.25, 0.45, -3.00
19.50, 21.16, 0.37, -2.99
21.50, 21.52, 0.36, -2.99
20.50, 21.54, 0.31, -2.99
19.50, 21.27, 0.22, -2.99
22.50, 21.74, 0.24, -2.99
21.50, 21.86, 0.22, -2.99
22.50, 22.18, 0.23, -2.99
22.50, 22.43, 0.22, -2.99
19.50, 21.88, 0.11, -2.99
18.50, 21.13, -0.02, -2.98
20.50, 20.95, -0.06, -2.99
20.50, 20.79, -0.08, -2.99
17.50, 19.92, -0.21, -2.98
23.50, 20.63, -0.10, -2.99
21.50, 20.77, -0.07, -2.99
20.50, 20.64, -0.09, -2.99
20.50, 20.54, -0.09, -2.99
19.50, 20.21, -0.13, -2.99
18.50, 19.69, -0.19, -2.99
15.50, 18.52, -0.34, -2.99
18.50, 18.25, -0.34, -2.99
14.50, 17.07, -0.47, -2.98
18.50, 17.06, -0.42, -2.99
17.50, 16.84, -0.40, -2.99
16.50, 16.45, -0.41, -2.99
17.50, 16.39, -0.37, -2.99
17.50, 16.38, -0.32, -3.00
12.50, 15.19, -0.45, -2.99
13.50, 14.43, -0.50, -2.99
14.50, 14.07, -0.49, -2.99
13.50, 13.56, -0.50, -2.99
12.50, 12.92, -0.52, -2.99
13.50, 12.67, -0.49, -3.00
10.50, 11.76, -0.55, -2.99
12.50, 11.52, -0.52, -3.00
9.50, 10.64, -0.57, -2.99
10.50, 10.17, -0.56, -3.00
5.50, 8.60, -0.71, -2.99
7.50, 7.79, -0.73, -2.99
7.50, 7.16, -0.73, -2.99
4.50, 5.96, -0.80, -2.99
3.50, 4.75, -0.87, -2.99
5.50, 4.27, -0.83, -2.99
4.50, 3.70, -0.80, -2.99
3.50, 3.05, -0.78, -3.00
-1.50, 1.34, -0.92, -2.99
-0.50, 0.19, -0.96, 3.01
-0.50, -0.70, -0.96, 3.01
-4.50, -2.36, -1.07, 3.01
-1.50, -2.96, -1.01, 3.01
-4.50, -4.10, -1.04, 3.01
-10.50, -6.46, -1.23, 3.02
-6.50, -7.40, -1.21, 3.01
-6.50, -8.10, -1.15, 3.01
-10.50, -9.55, -1.20, 3.01
-11.50, -10.94, -1.23, 3.01
-10.50, -11.76, -1.18, 3.01
-9.50, -12.11, -1.07, 3.00
-13.50, -13.26, -1.08, 3.00
-12.50, -13.89, -1.02, 3.00
-15.50, -15.05, -1.04, 3.00
-15.50, -15.94, -1.01, 3.00
-17.50, -17.09, -1.03, 3.00
-18.50, -18.21, -1.04, 3.00
-15.50, -18.34, -0.91, 2.99
-19.50, -19.31, -0.92, 2.99
-20.50, -20.29, -0.92, 3.00
-19.50, -20.79, -0.86, 2.99
-21.50, -21.61, -0.85, 2.99
-20.50, -21.97, -0.77, 2.99
-21.50, -22.44, -0.72, 2.99
-19.50, -22.26, -0.59, 2.99
-22.50, -22.75, -0.56, 2.99
-20.50, -22.62, -0.45, 2.98
-20.50, -22.43, -0.34, 2.98
-25.50, -23.44, -0.42, 2.99
-24.50, -24.01, -0.43, 2.99
-23.50, -24.20, -0.38, 2.99
-25.50, -24.81, -0.41, 2.99
-27.50, -25.77, -0.48, 3.00
-25.50, -26.06, -0.45, 3.00
-28.50, -26.99, -0.51, 3.00
-28.50, -27.75, -0.54, 3.00
-24.50, -27.36, -0.41, 2.99
-25.50, -27.22, -0.33, 2.99
-26.50, -27.29, -0.29, 2.99
-25.50, -27.06, -0.21, 2.99
-27.50, -27.32, -0.20, 2.99
-26.50, -27.27, -0.16, 2.99
-27.50, -27.44, -0.15, 2.99
-24.50, -26.83, -0.03, 2.99
-27.50, -27.01, -0.04, 2.99
-27.50, -27.16, -0.05, 2.99
-25.50, -26.78, 0.02, 2.99
-23.50, -25.96, 0.14, 2.98
-23.50, -25.24, 0.24, 2.98
-25.50, -25.12, 0.24, 2.99
-26.50, -25.27, 0.20, 2.99
-26.50, -25.42, 0.16, 2.99
-27.50, -25.80, 0.09, 3.00
-25.50, -25.66, 0.10, 3.00
-23.50, -25.05, 0.17, 2.99
-24.50, -24.78, 0.19, 2.99
-26.50, -25.06, 0.13, 3.00
-25.50, -25.06, 0.12, 3.00
-20.50, -23.86, 0.27, 2.99
-20.50, -22.83, 0.38, 2.99
-22.50, -22.45, 0.39, 2.99
-22.50, -22.16, 0.39, 2.99
-19.50, -21.21, 0.48, 2.99
-20.50, -20.67, 0.50, 2.99
-18.50, -19.76, 0.57, 2.99
-16.50, -18.53, 0.67, 2.98
-19.50, -18.26, 0.63, 2.99
-18.50, -17.84, 0.61, 2.99
-15.50, -16.80, 0.68, 2.99
-17.50, -16.45, 0.64, 2.99
-15.50, -15.73, 0.66, 2.99
-13.50, -14.68, 0.72, 2.99
-17.50, -14.82, 0.61, 3.00
-14.50, -14.28, 0.60, 3.00
-13.50, -13.64, 0.61, 3.00
-12.50, -12.90, 0.63, 3.00
-9.50, -11.59, 0.73, 2.99
-8.50, -10.28, 0.81, 2.99
-10.50, -9.72, 0.79, 2.99
-8.50, -8.82, 0.81, 2.99
-7.50, -7.88, 0.84, 2.99
-3.50, -6.18, 0.96, 2.99
-7.50, -5.77, 0.90, 2.99
-3.50, -4.53, 0.95, 2.99
0.50, -2.58, 1.10, 2.99
-0.50, -1.23, 1.15, 2.99
-0.50, -0.18, 1.15, -3.01
-2.50, 0.12, 1.04, -3.01
3.50, 1.74, 1.13, -3.01
0.50, 2.29, 1.05, -3.00
6.50, 4.12, 1.17, -3.01
6.50, 5.59, 1.22, -3.01
7.50, 6.98, 1.25, -3.01
8.50, 8.30, 1.27, -3.01
11.50, 10.04, 1.35, -3.01
10.50, 11.18, 1.33, -3.01
10.50, 12.02, 1.27, -3.00
12.50, 13.09, 1.24, -3.00
13.50, 14.13, 1.22, -3.00
14.50, 15.14, 1.19, -3.00
16.50, 16.38, 1.20, -3.00
15.50, 17.07, 1.13, -3.00
18.50, 18.27, 1.13, -3.00
20.50, 19.67, 1.17, -3.00
20.50, 20.75, 1.16, -3.00
21.50, 21.81, 1.14, -3.00
22.50, 22.84, 1.13, -3.00
22.50, 23.61, 1.07, -3.00
20.50, 23.65, 0.93, -2.99
24.50, 24.56, 0.91, -2.99
21.50, 24.49, 0.77, -2.98
23.50, 24.82, 0.69, -2.98
23.50, 25.02, 0.61, -2.98
25.50, 25.59, 0.58, -2.98
26.50, 26.25, 0.58, -2.99
25.50, 26.50, 0.52, -2.99
28.50, 27.37, 0.56, -2.99
26.50, 27.58, 0.50, -2.99
25.50, 27.44, 0.40, -2.98
25.50, 27.26, 0.30, -2.98
28.50, 27.78, 0.32, -2.99
30.50, 28.68, 0.39, -2.99
30.50, 29.42, 0.43, -2.99
27.50, 29.27, 0.34, -2.99
30.50, 29.82, 0.36, -2.99
30.50, 30.26, 0.37, -2.99
28.50, 30.10, 0.29, -2.99
30.50, 30.42, 0.28, -2.99
29.50, 30.40, 0.24, -2.99
27.50, 29.87, 0.12, -2.99
33.50, 30.84, 0.23, -2.99
30.50, 30.93, 0.20, -2.99
26.50, 30.00, 0.04, -2.99
30.50, 30.14, 0.04, -2.99
31.50, 30.50, 0.08, -2.99
31.50, 30.80, 0.10, -2.99
29.50, 30.56, 0.05, -2.99
32.50, 31.06, 0.10, -3.00
27.50, 30.27, -0.02, -2.99
29.50, 30.06, -0.06, -2.99
30.50, 30.12, -0.05, -2.99
28.50, 29.68, -0.11, -2.99
28.50, 29.31, -0.16, -2.99
30.50, 29.47, -0.12, -2.99
25.50, 28.41, -0.26, -2.99
25.50, 27.50, -0.36, -2.98
27.50, 27.22, -0.37, -2.99
26.50, 26.76, -0.39, -2.99
27.50, 26.64, -0.36, -2.99
28.50, 26.82, -0.30, -3.00
27.50, 26.76, -0.27, -3.00
22.50, 25.51, -0.41, -2.99
25.50, 25.20, -0.40, -2.99
26.50, 25.21, -0.35, -3.00
23.50, 24.52, -0.40, -2.99
20.50, 23.23, -0.53, -2.99
21.50, 22.40, -0.58, -2.99
22.50, 21.98, -0.57, -2.99
22.50, 21.67, -0.54, -2.99
20.50, 20.97, -0.57, -2.99
20.50, 20.42, -0.58, -2.99
17.50, 19.27, -0.66, -2.99
17.50, 18.33, -0.71, -2.99
17.50, 17.59, -0.72, -2.99
17.50, 17.02, -0.71, -2.99
14.50, 15.86, -0.78, -2.99
15.50, 15.18, -0.78, -2.99
13.50, 14.18, -0.81, -2.99
12.50, 13.15, -0.85, -2.99
13.50, 12.59, -0.82, -2.99
11.50, 11.70, -0.84, -2.99
11.50, 11.02, -0.82, -3.00
10.50, 10.27, -0.81, -3.00
5.50, 8.49, -0.95, -2.99
5.50, 7.03, -1.03, -2.99
7.50, 6.36, -0.99, -2.99
2.50, 4.67, -1.10, -2.99
4.50, 3.79, -1.08, -2.99
2.50, 2.66, -1.09, -2.99
1.50, 1.54, -1.11, -2.99
1.50, 0.69, -1.08, 3.01
-2.50, -0.90, -1.15, 3.01
-3.50, -2.41, -1.21, 3.01
-5.50, -4.09, -1.29, 3.01
-3.50, -4.92, -1.23, 3.01
-9.50, -6.98, -1.36, 3.01
-6.50, -7.89, -1.31, 3.01
-12.50, -10.01, -1.43, 3.01
-13.50, -11.94, -1.51, 3.01
-16.50, -14.20, -1.63, 3.02
-17.50, -16.25, -1.70, 3.02
-10.50, -16.13, -1.47, 3.01
-15.50, -17.09, -1.40, 3.00
-14.50, -17.51, -1.26, 2.99
-15.50, -17.97, -1.15, 2.99
-16.50, -18.47, -1.05, 2.99
-20.50, -19.76, -1.07, 2.99
-19.50, -20.49, -1.01, 2.99
-25.50, -22.48, -1.14, 3.00
-18.50, -22.36, -0.96, 2.99
-24.50, -23.60, -0.99, 2.99
-25.50, -24.81, -1.01, 2.99
-21.50, -24.76, -0.85, 2.99
-24.50, -25.34, -0.80, 2.99
-27.50, -26.47, -0.84, 2.99
-28.50, -27.60, -0.87, 2.99
-30.50, -28.96, -0.93, 3.00
-27.50, -29.31, -0.85, 2.99
-29.50, -29.99, -0.82, 2.99
-28.50, -30.24, -0.73, 2.99
-30.50, -30.85, -0.71, 2.99
-31.50, -31.54, -0.70, 2.99
-29.50, -31.57, -0.59, 2.99
-33.50, -32.48, -0.63, 2.99
-31.50, -32.71, -0.56, 2.99