12.50, 0.09, 0.06, -1.05
12.50, 0.52, 0.31, -2.67
12.50, 1.84, 0.89, -5.40
12.50, 4.51, 1.78, -8.89
12.50, 8.07, 2.62, -10.33
-35.50, -4.77, -1.59, 8.78
-37.50, -17.82, -4.63, 10.43
-36.50, -27.78, -6.19, 10.48
-35.50, -34.68, -6.76, 10.43
-34.50, -39.19, -6.75, 10.36
-35.50, -42.64, -6.54, 10.30
-34.50, -44.71, -6.11, 10.23
-29.50, -44.56, -5.39, 10.16
-28.50, -43.91, -4.68, 10.10
-25.50, -42.30, -3.90, 10.05
-23.50, -40.20, -3.13, 10.01
-19.50, -37.18, -2.31, 9.97
-10.50, -32.15, -1.29, 9.93
-6.50, -26.71, -0.32, 9.89
-9.50, -22.67, 0.38, 9.87
-2.50, -17.41, 1.16, 9.86
-2.50, -12.84, 1.77, 9.48
3.50, -7.47, 2.41, 6.25
5.50, -2.44, 2.92, 2.27
4.50, 1.52, 3.22, -7.88
11.50, 6.44, 3.60, -10.15
14.50, 11.18, 3.89, -10.14
14.50, 14.99, 4.01, -10.12
17.50, 18.68, 4.08, -10.11
18.50, 21.76, 4.04, -10.09
16.50, 23.56, 3.81, -10.07
17.50, 24.98, 3.54, -10.04
13.50, 24.86, 3.07, -10.02
8.50, 23.17, 2.42, -9.98
4.50, 20.42, 1.68, -9.95
3.50, 17.52, 0.99, -9.93
2.50, 14.56, 0.37, -9.91
0.50, 11.37, -0.22, -9.89
-5.50, 7.03, -0.89, -7.40
-9.50, 2.27, -1.55, -3.20
-9.50, -1.83, -2.03, 6.68
-9.50, -5.29, -2.36, 9.96
-16.50, -9.87, -2.79, 10.13
-16.50, -13.65, -3.06, 10.13
-15.50, -16.46, -3.14, 10.11
-14.50, -18.40, -3.08, 10.09
-11.50, -19.07, -2.83, 10.07
-12.50, -19.62, -2.57, 10.05
-8.50, -18.86, -2.15, 10.02
-8.50, -17.95, -1.74, 10.00
-6.50, -16.46, -1.28, 9.98
-2.50, -14.00, -0.73, 9.95
-0.50, -11.23, -0.20, 9.94
4.50, -7.51, 0.41, 8.18
6.50, -3.74, 0.96, 5.10
7.50, -0.23, 1.41, 0.30
13.50, 4.23, 1.93, -8.69
13.50, 8.00, 2.29, -10.11
15.50, 11.61, 2.58, -10.11
17.50, 15.05, 2.81, -10.11
17.50, 17.81, 2.90, -10.09
13.50, 18.98, 2.74, -10.07
16.50, 20.47, 2.64, -10.06
10.50, 20.04, 2.26, -10.03
13.50, 20.16, 1.99, -10.01
10.50, 19.30, 1.60, -9.99
7.50, 17.62, 1.14, -9.97
-1.50, 13.79, 0.42, -9.94
0.50, 10.83, -0.11, -9.93
-4.50, 6.97, -0.71, -7.57
-3.50, 3.84, -1.13, -5.02
-11.50, -0.80, -1.71, 4.91
-10.50, -4.51, -2.09, 9.09
-16.50, -9.07, -2.54, 10.12
-16.50, -12.85, -2.83, 10.11
-21.50, -17.15, -3.14, 10.11
-19.50, -20.13, -3.22, 10.10
-19.50, -22.45, -3.18, 10.08
-18.50, -23.92, -3.02, 10.06
-15.50, -24.16, -2.69, 10.04
-13.50, -23.60, -2.27, 10.01
-9.50, -21.87, -1.72, 9.98
-8.50, -19.89, -1.19, 9.96
-3.50, -16.76, -0.55, 9.94
-2.50, -13.66, 0.02, 9.92
1.50, -9.91, 0.62, 9.25
2.50, -6.37, 1.12, 6.80
6.50, -2.33, 1.62, 3.23
7.50, 1.34, 2.02, -6.06
11.50, 5.40, 2.41, -10.07
13.50, 9.24, 2.72, -10.11
16.50, 13.12, 2.99, -10.11
16.50, 16.24, 3.11, -10.10
15.50, 18.45, 3.08, -10.08
16.50, 20.33, 2.99, -10.07
14.50, 21.18, 2.75, -10.05
13.50, 21.40, 2.44, -10.02
9.50, 20.34, 1.97, -10.00
5.50, 18.20, 1.39, -9.97
2.50, 15.40, 0.78, -9.95
0.50, 12.32, 0.19, -9.93
-1.50, 9.06, -0.36, -9.07
-4.50, 5.43, -0.90, -6.40
-6.50, 1.80, -1.38, -2.86
-7.50, -1.56, -1.75, 6.00
-13.50, -5.85, -2.21, 10.12
-16.50, -10.17, -2.61, 10.12
-15.50, -13.49, -2.82, 10.11
-14.50, -15.91, -2.87, 10.10
-14.50, -17.77, -2.82, 10.08
-14.50, -19.13, -2.69, 10.06
-13.50, -19.80, -2.46, 10.04
-12.50, -19.89, -2.17, 10.02
-9.50, -18.99, -1.76, 10.00
-8.50, -17.75, -1.34, 9.98
-5.50, -15.76, -0.85, 9.96
-1.50, -12.90, -0.30, 9.94
0.50, -9.82, 0.23, 9.60
7.50, -5.37, 0.89, 6.37
8.50, -1.27, 1.43, 2.16
12.50, 3.23, 1.96, -7.93
13.50, 7.27, 2.36, -10.12
13.50, 10.62, 2.61, -10.11
18.50, 14.56, 2.90, -10.11
19.50, 18.01, 3.08, -10.10
18.50, 20.49, 3.09, -10.09
17.50, 22.13, 2.97, -10.07
15.50, 22.77, 2.71, -10.05
9.50, 21.59, 2.21, -10.02
11.50, 20.79, 1.80, -9.99
5.50, 18.41, 1.21, -9.97
3.50, 15.66, 0.63, -9.94
3.50, 13.13, 0.13, -9.93
-0.50, 9.87, -0.41, -9.45
-4.50, 6.01, -0.97, -6.71
-9.50, 1.45, -1.57, -2.28
-10.50, -2.70, -2.03, 7.55
-13.50, -6.93, -2.45, 10.12
-13.50, -10.43, -2.71, 10.12
-15.50, -13.76, -2.90, 10.11
-20.50, -17.65, -3.14, 10.10
-20.50, -20.75, -3.23, 10.09
-16.50, -22.19, -3.07, 10.07
-16.50, -23.14, -2.83, 10.05
-15.50, -23.43, -2.52, 10.03
-7.50, -21.45, -1.92, 9.99
-10.50, -20.21, -1.47, 9.97
-6.50, -17.96, -0.93, 9.95
-4.50, -15.35, -0.39, 9.93
0.50, -11.74, 0.23, 9.91
2.50, -8.04, 0.80, 8.09
6.50, -3.84, 1.37, 4.80
8.50, 0.25, 1.85, -4.03
10.50, 4.20, 2.26, -9.05
14.50, 8.47, 2.65, -10.12
16.50, 12.48, 2.95, -10.12
14.50, 15.25, 3.04, -10.10
17.50, 18.13, 3.11, -10.09
17.50, 20.36, 3.07, -10.08
15.50, 21.52, 2.88, -10.06
12.50, 21.51, 2.52, -10.03
11.50, 20.98, 2.13, -10.01
7.50, 19.29, 1.60, -9.98
7.50, 17.60, 1.12, -9.96
4.50, 15.23, 0.60, -9.94
1.50, 12.30, 0.05, -9.93
-1.50, 8.93, -0.50, -8.87
-7.50, 4.50, -1.13, -5.52
-9.50, 0.18, -1.68, 0.01
-12.50, -4.23, -2.17, 8.98
-19.50, -9.65, -2.74, 10.13
-17.50, -13.69, -3.04, 10.13
-20.50, -17.70, -3.29, 10.12
-18.50, -20.43, -3.33, 10.10
-19.50, -22.75, -3.28, 10.09
-19.50, -24.47, -3.14, 10.07
-20.50, -25.90, -2.96, 10.05
-16.50, -25.85, -2.59, 10.02
-16.50, -25.53, -2.20, 10.00
-9.50, -23.27, -1.58, 9.97
-11.50, -21.57, -1.10, 9.95
-5.50, -18.45, -0.46, 9.93
-1.50, -14.62, 0.20, 9.91
3.50, -10.00, 0.91, 9.00
6.50, -5.23, 1.55, 5.64
11.50, 0.08, 2.19, -4.12
14.50, 5.32, 2.75, -10.14
14.50, 9.69, 3.11, -10.14
20.50, 14.73, 3.51, -10.14
16.50, 17.87, 3.58, -10.12
19.50, 21.02, 3.63, -10.11
19.50, 23.43, 3.56, -10.09
16.50, 24.45, 3.28, -10.06
16.50, 25.01, 2.96, -10.04
13.50, 24.44, 2.50, -10.01
12.50, 23.41, 2.01, -9.98
10.50, 21.77, 1.49, -9.96
4.50, 18.65, 0.81, -9.94
6.50, 16.26, 0.30, -9.92
4.50, 13.58, -0.19, -9.91
-0.50, 9.96, -0.76, -9.13
-2.50, 6.30, -1.26, -6.62
-9.50, 1.44, -1.87, -2.03
-13.50, -3.67, -2.44, 8.87
-13.50, -7.97, -2.82, 10.13
-15.50, -11.99, -3.11, 10.13
-21.50, -16.72, -3.45, 10.12
-22.50, -20.79, -3.65, 10.11
-25.50, -24.74, -3.80, 10.10
-20.50, -26.62, -3.63, 10.08
-24.50, -28.87, -3.51, 10.06
-21.50, -29.75, -3.20, 10.04
-15.50, -28.69, -2.64, 10.01
-16.50, -27.71, -2.14, 9.98
-14.50, -26.09, -1.60, 9.96
-6.50, -22.49, -0.83, 9.93
-3.50, -18.44, -0.09, 9.90
-1.50, -14.33, 0.59, 9.89
1.50, -9.96, 1.22, 8.67
3.50, -5.70, 1.77, 5.75
6.50, -1.32, 2.26, 1.58
9.50, 3.08, 2.69, -8.69
14.50, 7.96, 3.12, -10.14
16.50, 12.45, 3.44, -10.13
18.50, 16.58, 3.66, -10.12
19.50, 20.11, 3.75, -10.11
15.50, 21.86, 3.58, -10.08
16.50, 23.28, 3.35, -10.06
11.50, 22.95, 2.90, -10.03
11.50, 22.35, 2.43, -10.00
8.50, 20.80, 1.88, -9.98
4.50, 18.22, 1.24, -9.95
1.50, 15.04, 0.57, -9.93
2.50, 12.38, 0.05, -9.91
-2.50, 8.74, -0.55, -8.71
-2.50, 5.54, -1.01, -6.36
-6.50, 1.79, -1.50, -2.74
-8.50, -1.91, -1.91, 6.60
-11.50, -5.74, -2.29, 10.12
-15.50, -9.91, -2.67, 10.12
-16.50, -13.58, -2.92, 10.11
-18.50, -17.03, -3.10, 10.11
-18.50, -19.77, -3.15, 10.09
-15.50, -21.14, -2.98, 10.07
-11.50, -21.06, -2.62, 10.04
-12.50, -20.96, -2.28, 10.02
-13.50, -20.86, -1.96, 10.00
-7.50, -19.08, -1.44, 9.98
-6.50, -17.08, -0.94, 9.96
-3.50, -14.45, -0.40, 9.94
-1.50, -11.56, 0.12, 9.92
0.50, -8.49, 0.60, 8.53
7.50, -4.09, 1.22, 5.13
8.50, -0.05, 1.71, -2.80
11.50, 4.11, 2.16, -8.86
16.50, 8.82, 2.62, -10.12
18.50, 13.21, 2.98, -10.12
17.50, 16.56, 3.15, -10.11
16.50, 18.96, 3.15, -10.09
16.50, 20.77, 3.05, -10.08
16.50, 22.06, 2.87, -10.06
12.50, 21.91, 2.50, -10.03
9.50, 20.77, 2.02, -10.00
8.50, 19.29, 1.53, -9.98
5.50, 17.07, 0.99, -9.96
3.50, 14.48, 0.45, -9.94
-0.50, 11.12, -0.14, -9.92
-1.50, 7.90, -0.65, -8.16
-7.50, 3.60, -1.25, -4.71
-9.50, -0.59, -1.76, 4.59
-11.50, -4.63, -2.19, 9.28
-14.50, -8.74, -2.57, 10.12
-14.50, -12.13, -2.79, 10.11
-17.50, -15.60, -2.99, 10.11
-17.50, -18.36, -3.06, 10.09
-16.50, -20.25, -2.98, 10.08
-16.50, -21.61, -2.82, 10.06
-12.50, -21.53, -2.47, 10.03
-12.50, -21.20, -2.11, 10.01
-7.50, -19.44, -1.58, 9.98
-5.50, -17.21, -1.03, 9.96
-3.50, -14.62, -0.48, 9.94
-0.50, -11.50, 0.08, 9.92
1.50, -8.24, 0.60, 8.40
7.50, -3.90, 1.20, 4.99
7.50, -0.16, 1.66, -0.04
11.50, 3.98, 2.11, -8.71
15.50, 8.44, 2.55, -10.12
18.50, 12.87, 2.92, -10.12
19.50, 16.74, 3.17, -10.11
23.50, 20.83, 3.40, -10.11
21.50, 23.60, 3.41, -10.09
21.50, 25.70, 3.32, -10.07
19.50, 26.72, 3.06, -10.05
19.50, 27.28, 2.76, -10.03
16.50, 26.74, 2.33, -10.00
12.50, 25.01, 1.76, -9.98
11.50, 23.03, 1.22, -9.96
8.50, 20.38, 0.63, -9.93
1.50, 16.21, -0.10, -9.91
2.50, 12.75, -0.65, -9.90
-1.50, 8.73, -1.22, -8.04
-6.50, 4.03, -1.82, -4.54
-7.50, -0.21, -2.27, 4.56
-11.50, -4.74, -2.71, 9.98
-13.50, -8.98, -3.04, 10.13
-17.50, -13.41, -3.36, 10.12
-18.50, -17.24, -3.54, 10.11
-17.50, -20.02, -3.54, 10.10
-14.50, -21.37, -3.32, 10.07
-12.50, -21.74, -2.97, 10.05
-12.50, -21.74, -2.60, 10.02
-10.50, -20.96, -2.15, 10.00
-8.50, -19.53, -1.64, 9.97
-5.50, -17.33, -1.08, 9.95
-5.50, -15.23, -0.59, 9.93
2.50, -11.31, 0.10, 9.91
2.50, -7.82, 0.66, 8.09
4.50, -4.27, 1.16, 5.32
9.50, 0.02, 1.70, -3.09
13.50, 4.65, 2.22, -9.34
15.50, 9.03, 2.64, -10.13
19.50, 13.63, 3.03, -10.13
17.50, 16.92, 3.19, -10.12
17.50, 19.51, 3.21, -10.10
21.50, 22.46, 3.27, -10.09
19.50, 24.24, 3.14, -10.07
18.50, 25.23, 2.90, -10.05
12.50, 24.33, 2.42, -10.02
13.50, 23.51, 1.98, -9.99
11.50, 22.06, 1.49, -9.97
7.50, 19.62, 0.92, -9.95
6.50, 17.08, 0.39, -9.93
1.50, 13.53, -0.23, -9.91
-3.50, 9.16, -0.89, -8.59
-2.50, 5.59, -1.36, -6.07
-11.50, 0.34, -2.01, -0.19
-12.50, -4.37, -2.51, 9.48
-16.50, -9.28, -2.97, 10.13
-16.50, -13.34, -3.24, 10.13
-16.50, -16.61, -3.36, 10.11
-16.50, -19.17, -3.36, 10.10
-20.50, -22.07, -3.38, 10.08
-18.50, -23.78, -3.23, 10.06
-19.50, -25.20, -3.03, 10.05
-12.50, -24.40, -2.54, 10.02
-8.50, -22.43, -1.92, 9.98
-9.50, -20.71, -1.40, 9.96
-6.50, -18.27, -0.83, 9.94
-1.50, -14.77, -0.16, 9.92
-0.50, -11.37, 0.41, 9.90
-1.50, -8.61, 0.83, 8.36
4.50, -4.73, 1.35, 5.48
8.50, -0.43, 1.87, 0.47
12.50, 4.19, 2.37, -9.18
13.50, 8.30, 2.73, -10.12
14.50, 11.93, 2.97, -10.12
15.50, 15.09, 3.11, -10.11
20.50, 18.80, 3.29, -10.10
20.50, 21.74, 3.33, -10.09
15.50, 22.76, 3.09, -10.06
16.50, 23.58, 2.83, -10.04
16.50, 24.00, 2.53, -10.02
12.50, 23.11, 2.07, -10.00
10.50, 21.59, 1.56, -9.97
5.50, 18.82, 0.93, -9.95
1.50, 15.27, 0.26, -9.92
-4.50, 10.59, -0.51, -9.69
-2.50, 6.97, -1.04, -7.23
-6.50, 2.84, -1.57, -3.75
-9.50, -1.41, -2.06, 6.22
-11.50, -5.48, -2.46, 10.13
-17.50, -10.33, -2.91, 10.13
-14.50, -13.60, -3.08, 10.12
-16.50, -16.68, -3.19, 10.11
-18.50, -19.57, -3.25, 10.09
-13.50, -20.58, -3.02, 10.07
-11.50, -20.66, -2.67, 10.04
-10.50, -20.21, -2.27, 10.02
-9.50, -19.31, -1.85, 9.99
-7.50, -17.81, -1.37, 9.97
-5.50, -15.82, -0.88, 9.95
-1.50, -12.96, -0.31, 9.93
3.50, -9.14, 0.33, 9.15
5.50, -5.28, 0.91, 6.28
6.50, -1.67, 1.38, 2.71
14.50, 3.37, 1.99, -8.09
13.50, 7.40, 2.39, -10.12
18.50, 11.97, 2.81, -10.12
19.50, 15.98, 3.09, -10.12
23.50, 20.20, 3.36, -10.11
20.50, 22.86, 3.37, -10.10
20.50, 24.86, 3.27, -10.08
19.50, 26.05, 3.05, -10.06
20.50, 27.02, 2.81, -10.04
15.50, 26.34, 2.36, -10.01
16.50, 25.71, 1.95, -9.99
13.50, 24.19, 1.45, -9.97
10.50, 21.93, 0.90, -9.95
5.50, 18.57, 0.26, -9.92
2.50, 14.80, -0.38, -9.91
-1.50, 10.49, -1.02, -9.14
-1.50, 6.75, -1.50, -6.66
-7.50, 2.08, -2.05, -2.61
-10.50, -2.60, -2.54, 8.07
-11.50, -6.74, -2.89, 10.13
-14.50, -10.87, -3.18, 10.12
-17.50, -14.94, -3.42, 10.12
-14.50, -17.45, -3.40, 10.10
-19.50, -20.56, -3.45, 10.09
-17.50, -22.45, -3.31, 10.07
-13.50, -22.78, -2.96, 10.04
-14.50, -23.00, -2.61, 10.02
-7.50, -21.19, -2.01, 9.99
-6.50, -19.10, -1.42, 9.96
-4.50, -16.59, -0.83, 9.94
-2.50, -13.75, -0.26, 9.92
3.50, -9.69, 0.41, 9.34
5.50, -5.63, 1.02, 6.40
8.50, -1.36, 1.58, 2.15
10.50, 2.78, 2.05, -7.65
11.50, 6.51, 2.40, -10.12
14.50, 10.33, 2.72, -10.12
14.50, 13.45, 2.89, -10.11
15.50, 16.18, 2.97, -10.10
16.50, 18.53, 2.97, -10.08
13.50, 19.58, 2.78, -10.06
14.50, 20.46, 2.58, -10.04
12.50, 20.48, 2.26, -10.02
10.50, 19.75, 1.86, -10.00
8.50, 18.40, 1.41, -9.98
3.50, 15.81, 0.83, -9.96
3.50, 13.41, 0.34, -9.94
-1.50, 9.99, -0.25, -9.67
-9.50, 5.01, -0.98, -6.02
-9.50, 0.68, -1.55, -1.16
-10.50, -3.27, -1.99, 8.00
-15.50, -7.81, -2.46, 10.12
-16.50, -11.84, -2.79, 10.12
-17.50, -15.38, -3.01, 10.11
-18.50, -18.46, -3.12, 10.10
-14.50, -19.89, -2.98, 10.08
-18.50, -21.83, -2.91, 10.07
-13.50, -22.02, -2.59, 10.04
-13.50, -21.90, -2.25, 10.02
-11.50, -21.06, -1.83, 10.00
-7.50, -19.13, -1.30, 9.97
-7.50, -17.25, -0.83, 9.95
-2.50, -14.25, -0.25, 9.93
0.50, -10.81, 0.33, 9.92
1.50, -7.51, 0.82, 7.77
9.50, -2.69, 1.47, 3.71
10.50, 1.69, 1.98, -6.44
10.50, 5.39, 2.33, -9.98
14.50, 9.43, 2.68, -10.12
17.50, 13.47, 2.98, -10.11
13.50, 15.78, 2.99, -10.10
18.50, 18.74, 3.08, -10.09
15.50, 20.31, 2.95, -10.07
13.50, 20.90, 2.68, -10.05
12.50, 20.89, 2.35, -10.02
10.50, 20.13, 1.94, -10.00
3.50, 17.52, 1.30, -9.97
4.50, 15.30, 0.78, -9.95
1.50, 12.50, 0.23, -9.93
-1.50, 9.22, -0.32, -9.20
-4.50, 5.59, -0.87, -6.54
-5.50, 2.18, -1.31, -3.35
-12.50, -2.44, -1.87, 7.10
-12.50, -6.36, -2.27, 10.12
-16.50, -10.60, -2.65, 10.12
-20.50, -15.07, -3.01, 10.12
-23.50, -19.45, -3.32, 10.11
-18.50, -21.77, -3.28, 10.10
-19.50, -23.73, -3.19, 10.08
-17.50, -24.64, -2.94, 10.05
-13.50, -24.15, -2.51, 10.03
-13.50, -23.45, -2.09, 10.00
-11.50, -22.10, -1.61, 9.98
-5.50, -19.25, -0.96, 9.95
-4.50, -16.35, -0.38, 9.93
0.50, -12.48, 0.28, 9.91
1.50, -8.81, 0.84, 8.47
5.50, -4.64, 1.40, 5.37
9.50, -0.08, 1.95, -3.13
8.50, 3.54, 2.30, -8.59
11.50, 7.27, 2.61, -10.12
13.50, 10.81, 2.85, -10.11
19.50, 15.13, 3.16, -10.11
18.50, 18.39, 3.28, -10.10
19.50, 21.17, 3.30, -10.09
19.50, 23.29, 3.21, -10.07
16.50, 24.08, 2.94, -10.05
18.50, 24.95, 2.69, -10.03
11.50, 23.70, 2.17, -10.00
8.50, 21.62, 1.57, -9.97
7.50, 19.34, 1.00, -9.95
4.50, 16.45, 0.41, -9.93
0.50, 12.83, -0.22, -9.91
-3.50, 8.63, -0.86, -8.34
-5.50, 4.48, -1.42, -5.23
-9.50, -0.06, -1.97, 3.69
-15.50, -5.38, -2.56, 10.14
-15.50, -9.83, -2.95, 10.13
13.50, -6.40, -2.18, 10.08
11.50, -3.70, -1.57, 7.79
8.50, -1.91, -1.13, 5.59
13.50, 1.00, -0.58, -2.63
14.50, 3.87, -0.08, -6.18
-21.50, -2.38, -0.91, 5.84
-16.50, -6.53, -1.37, 9.54
-19.50, -10.75, -1.80, 10.04
12.50, -6.43, -0.98, 9.03
-6.50, -7.19, -0.95, 9.45
-4.50, -7.25, -0.82, 9.35
-2.50, -6.70, -0.62, 8.81
-1.50, -5.89, -0.41, 8.07
-0.50, -4.87, -0.19, 7.14
3.50, -2.95, 0.14, 5.25
8.50, -0.03, 0.57, 0.04
10.50, 3.00, 0.96, -6.55
6.50, 4.61, 1.12, -8.01
12.50, 7.41, 1.41, -10.07
11.50, 9.50, 1.57, -10.07
17.50, 12.67, 1.85, -10.07
14.50, 14.54, 1.92, -10.06
10.50, 15.03, 1.78, -10.05
9.50, 15.04, 1.57, -10.03
8.50, 14.64, 1.33, -10.01
7.50, 13.90, 1.05, -10.00
7.50, 13.12, 0.79, -9.99
-4.50, 9.40, 0.15, -9.80
12.50, 10.26, 0.21, -9.97
-12.50, 4.83, -0.61, -6.29
-13.50, -0.14, -1.28, 2.86
-12.50, -4.17, -1.75, 8.42
-17.50, -8.79, -2.24, 10.11
-19.50, -13.14, -2.64, 10.11
-22.50, -17.47, -2.97, 10.11
-17.50, -19.76, -2.98, 10.09
-16.50, -21.25, -2.86, 10.07
-20.50, -23.25, -2.81, 10.06
-20.50, -24.72, -2.68, 10.05
11.50, -17.90, -1.39, 9.98
-18.50, -19.08, -1.34, 9.98
-11.50, -18.23, -1.01, 9.97
-5.50, -15.87, -0.51, 9.95
-1.50, -12.72, 0.05, 9.93
11.50, -6.72, 0.95, 7.17
-19.50, -9.09, 0.58, 8.89
-16.50, -10.44, 0.38, 9.80
4.50, -6.48, 0.92, 7.08
11.50, -1.36, 1.58, 2.18
10.50, 2.77, 2.02, -7.57
13.50, 6.96, 2.41, -10.10
-17.50, 2.83, 1.59, -7.07
-16.50, -0.68, 0.92, 1.76
23.50, 5.93, 1.73, -9.57
20.50, 10.82, 2.21, -10.06
20.50, 14.88, 2.53, -10.07
17.50, 17.46, 2.60, -10.06
18.50, 19.70, 2.60, -10.05
14.50, 20.41, 2.39, -10.03
12.50, 20.29, 2.07, -10.01
13.50, 20.20, 1.78, -10.00
9.50, 18.92, 1.35, -9.98
10.50, 17.87, 0.99, -9.96
12.50, 17.30, 0.74, -9.96
10.50, 16.18, 0.44, -9.95
-3.50, 11.68, -0.30, -9.92
-17.50, 4.28, -1.36, -5.14
-16.50, -1.88, -2.14, 6.87
-16.50, -7.12, -2.70, 10.14
18.50, -2.95, -1.87, 7.54
-17.50, -7.95, -2.39, 10.09
10.50, -5.28, -1.77, 9.19
12.50, -2.28, -1.15, 6.00
12.50, 0.47, -0.61, -1.60
17.50, 4.18, 0.00, -6.51
-20.50, -1.85, -0.80, 5.14
-20.50, -7.02, -1.42, 9.89
-16.50, -10.42, -1.73, 10.04
-15.50, -12.99, -1.88, 10.04
-18.50, -15.78, -2.05, 10.04
-15.50, -17.27, -2.01, 10.04
-10.50, -17.15, -1.75, 10.02
-9.50, -16.61, -1.45, 10.00
-5.50, -14.98, -1.02, 9.98
-5.50, -13.42, -0.64, 9.97
1.50, -10.24, -0.07, 9.94
3.50, -6.91, 0.46, 7.79
6.50, -3.26, 0.97, 4.69
10.50, 0.88, 1.49, -4.73
-16.50, -2.21, 0.94, 3.75
-16.50, -4.97, 0.48, 6.56
-19.50, -8.16, -0.01, 9.04
-19.50, -10.94, -0.40, 10.02
-16.50, -12.61, -0.59, 10.02
-20.50, -15.00, -0.87, 10.03
-19.50, -16.77, -1.02, 10.04
26.50, -6.97, 0.46, 7.86
30.50, 2.56, 1.76, -7.07
32.50, 11.26, 2.82, -10.13
35.50, 19.37, 3.69, -10.15
35.50, 26.16, 4.26, -10.16
38.50, 32.46, 4.69, -10.15
38.50, 37.54, 4.89, -10.14
39.50, 41.76, 4.93, -10.12
34.50, 43.75, 4.63, -10.09
33.50, 44.78, 4.21, -10.06
31.50, 44.73, 3.66, -10.02
30.50, 44.02, 3.07, -9.99
24.50, 41.56, 2.29, -9.96
10.50, 35.67, 1.10, -9.91
14.50, 31.29, 0.25, -9.88
-18.50, 19.25, -1.58, -9.81
10.50, 15.84, -2.01, -9.82
-18.50, 5.84, -3.30, -4.48
19.50, 6.61, -2.93, -5.29
4.50, 3.82, -3.07, -3.33
-0.50, 0.39, -3.26, 4.57
-19.50, -6.99, -3.96, 10.15
15.50, -4.53, -3.20, 10.09
-20.50, -10.89, -3.72, 10.10
-17.50, -15.36, -3.92, 10.10
-4.50, -15.70, -3.51, 10.06
-0.50, -14.66, -2.93, 10.03
-1.50, -13.66, -2.41, 10.00
-0.50, -12.26, -1.87, 9.97
1.50, -10.29, -1.31, 9.95
0.50, -8.62, -0.85, 9.94
10.50, -4.56, -0.10, 6.76
14.50, 0.07, 0.65, -1.70
14.50, 4.13, 1.23, -7.84
15.50, 7.89, 1.70, -10.13
15.50, 11.08, 2.03, -10.12
18.50, 14.47, 2.33, -10.12
19.50, 17.51, 2.54, -10.11
23.50, 20.94, 2.77, -10.11
21.50, 23.21, 2.80, -10.09
13.50, 22.98, 2.46, -10.06
15.50, 23.03, 2.18, -10.04
11.50, 21.87, 1.75, -10.01
10.50, 20.42, 1.32, -9.99
-16.50, 12.37, 0.00, -9.93
3.50, 10.17, -0.38, -9.64
-11.50, 4.56, -1.18, -5.52
-16.50, -1.53, -1.96, 6.24
14.50, 0.86, -1.47, -1.56
-6.50, -2.08, -1.75, 6.57
-6.50, -4.52, -1.93, 8.87
-9.50, -7.23, -2.11, 10.08
-7.50, -8.92, -2.13, 10.07
-16.50, -12.40, -2.38, 10.07
14.50, -7.64, -1.44, 10.01
10.50, -4.29, -0.78, 7.34
-17.50, -8.11, -1.19, 10.00
-3.50, -7.88, -1.00, 9.90
14.50, -3.16, -0.19, 5.76
0.50, -2.39, -0.01, 4.85
4.50, -0.69, 0.27, 2.32
9.50, 2.02, 0.66, -5.24
12.50, 5.11, 1.06, -8.32
-19.50, -0.09, 0.25, 0.69
10.50, 2.70, 0.63, -5.88
13.50, 5.83, 1.01, -8.73
12.50, 8.25, 1.26, -10.05
12.50, 10.26, 1.41, -10.05
10.50, 11.40, 1.42, -10.05
5.50, 11.05, 1.22, -10.03
8.50, 11.36, 1.12, -10.02
6.50, 11.02, 0.94, -10.01
3.50, 9.89, 0.65, -9.99
-0.50, 7.84, 0.27, -9.11
-4.50, 5.02, -0.18, -6.86
-7.50, 1.80, -0.65, -3.56
-10.50, -1.72, -1.10, 5.39
-16.50, -6.20, -1.64, 9.68
12.50, -2.89, -1.03, 6.49
-17.50, -7.26, -1.53, 10.06
-19.50, -11.43, -1.96, 10.07
-16.50, -14.18, -2.14, 10.07
-12.50, -15.41, -2.08, 10.06
-10.50, -15.80, -1.89, 10.04
-10.50, -15.95, -1.68, 10.02
12.50, -10.27, -0.68, 9.97
-4.50, -9.35, -0.43, 9.97
-5.50, -8.72, -0.25, 9.55
-19.50, -11.53, -0.57, 9.98
-22.50, -14.64, -0.91, 10.00
-17.50, -16.03, -0.98, 10.00
9.50, -10.52, -0.07, 9.96
10.50, -5.42, 0.69, 6.62
15.50, 0.25, 1.45, -3.42
19.50, 6.09, 2.15, -10.11
22.50, 11.77, 2.75, -10.13
23.50, 16.77, 3.18, -10.13
25.50, 21.36, 3.50, -10.12
24.50, 24.82, 3.61, -10.11
24.50, 27.51, 3.58, -10.09
26.50, 30.00, 3.52, -10.08
21.50, 30.60, 3.18, -10.05
22.50, 31.04, 2.84, -10.03
17.50, 29.88, 2.30, -10.00
15.50, 28.10, 1.73, -9.97
13.50, 25.82, 1.14, -9.95
12.50, 23.40, 0.59, -9.93
-15.50, 14.30, -0.83, -9.87
4.50, 11.23, -1.26, -9.24
0.50, 7.60, -1.72, -6.95
-18.50, -0.13, -2.68, 5.06
11.50, 0.63, -2.35, -0.54
-21.50, -6.60, -3.14, 10.14
-17.50, -11.69, -3.54, 10.14
15.50, -7.76, -2.62, 10.07
14.50, -4.33, -1.84, 8.57
15.50, -0.88, -1.13, 4.18
8.50, 0.57, -0.75, -1.73
9.50, 2.20, -0.40, -4.34
-9.50, -0.95, -0.74, 3.85
-6.50, -2.86, -0.89, 6.27
-86.50, -24.00, -3.72, 10.13
-92.50, -43.62, -6.06, 10.22
-99.50, -61.96, -7.99, 10.28
-100.50, -77.53, -9.30, 10.30
-105.50, -91.51, -10.24, 10.30
-105.50, -102.78, -10.66, 10.27
-105.50, -111.60, -10.66, 10.23
-106.50, -118.49, -10.35, 10.18
-105.50, -123.19, -9.73, 10.13
-104.50, -126.01, -8.88, 10.07
-101.50, -126.75, -7.80, 10.01
-97.50, -125.49, -6.54, 9.95
-92.50, -122.33, -5.14, 9.89
-86.50, -117.40, -3.62, 9.83
-84.50, -112.02, -2.21, 9.79
-80.50, -105.90, -0.85, 9.76
-79.50, -99.99, 0.32, 9.74
-79.50, -94.63, 1.27, 9.73
-75.50, -88.89, 2.15, 9.73
-67.50, -81.93, 3.07, 9.73
-63.50, -75.00, 3.87, 9.73
-59.50, -68.18, 4.53, 9.74
-52.50, -60.83, 5.17, 9.75
-50.50, -54.30, 5.60, 9.76
-45.50, -47.83, 5.94, 9.78
-43.50, -42.20, 6.10, 9.81
-38.50, -36.62, 6.20, 9.83
-38.50, -32.33, 6.09, 9.86
-36.50, -28.70, 5.88, 9.89
-28.50, -24.17, 5.79, 9.91
-31.50, -21.55, 5.43, 9.69
-21.50, -17.42, 5.30, 8.37
-22.50, -14.64, 4.99, 7.59
-14.50, -10.83, 4.85, 6.10
-12.50, -7.57, 4.64, 4.66
-13.50, -5.52, 4.27, 3.76
-7.50, -2.78, 4.04, 1.98
-6.50, -0.65, 3.75, -4.47
-1.50, 1.97, 3.56, -8.62
-3.50, 3.30, 3.21, -9.35
-0.50, 4.78, 2.93, -9.94
-0.50, 5.68, 2.59, -9.94
-0.50, 6.10, 2.23, -9.93
-1.50, 5.89, 1.82, -9.52
-8.50, 3.71, 1.19, -7.24
-8.50, 1.58, 0.63, -4.52
11.50, 4.45, 0.84, -7.45
14.50, 7.51, 1.07, -9.71
11.50, 9.27, 1.11, -9.95
12.50, 10.89, 1.14, -9.96
13.50, 12.37, 1.15, -9.97
18.50, 14.73, 1.29, -9.98
-18.50, 7.56, 0.08, -8.70
-27.50, -0.99, -1.20, 4.59
-29.50, -8.92, -2.26, 10.16
-32.50, -16.46, -3.14, 10.18
-30.50, -22.34, -3.69, 10.18
-37.50, -28.90, -4.26, 10.18
-35.50, -33.80, -4.51, 10.16
-30.50, -36.46, -4.40, 10.13
-31.50, -38.62, -4.21, 10.10
-27.50, -39.12, -3.79, 10.07
-26.50, -38.92, -3.30, 10.04
-26.50, -38.38, -2.79, 10.01
-21.50, -36.36, -2.12, 9.97
-16.50, -33.10, -1.35, 9.94
-19.50, -30.76, -0.78, 9.92
11.50, -20.98, 0.77, 9.86
12.50, -12.15, 2.03, 8.91
-6.50, -9.16, 2.33, 7.22
-4.50, -6.20, 2.57, 5.36
0.50, -2.56, 2.86, 2.44
12.50, 3.34, 3.42, -9.84
18.50, 9.69, 3.97, -10.15
-16.50, 6.34, 3.09, -10.09
11.50, 9.97, 3.25, -10.08
-12.50, 6.95, 2.45, -10.03
-16.50, 3.07, 1.59, -7.23
6.50, 5.11, 1.64, -8.88
4.50, 6.20, 1.56, -9.50
15.50, 9.65, 1.81, -10.00
18.50, 13.18, 2.06, -10.01
10.50, 14.09, 1.91, -10.00
-5.50, 10.74, 1.18, -9.97
-18.50, 4.46, 0.10, -6.70
-10.50, 0.85, -0.49, -2.35
-14.50, -3.31, -1.09, 7.00
14.50, 0.19, -0.55, -0.80
10.50, 2.27, -0.24, -4.49
-19.50, -3.25, -1.02, 6.84
-21.50, -8.51, -1.68, 10.09
-25.50, -13.97, -2.30, 10.11
-19.50, -17.10, -2.51, 10.10
-23.50, -20.60, -2.75, 10.10
-21.50, -22.94, -2.78, 10.09
-20.50, -24.47, -2.69, 10.07
-21.50, -25.80, -2.56, 10.05
-17.50, -25.72, -2.24, 10.03
-17.50, -25.41, -1.91, 10.01
-11.50, -23.45, -1.38, 9.98
-10.50, -21.32, -0.87, 9.96
-5.50, -18.09, -0.26, 9.94
-15.50, -17.63, -0.10, 9.94
-17.50, -17.65, -0.04, 9.95
4.50, -12.24, 0.78, 9.92
10.50, -6.05, 1.61, 6.14
9.50, -0.99, 2.20, 1.18
-16.50, -3.07, 1.71, 3.88
20.50, 4.02, 2.54, -9.24
20.50, 10.02, 3.13, -10.12
-20.50, 4.96, 2.09, -9.34
22.50, 10.85, 2.68, -10.07
21.50, 15.51, 3.02, -10.08
23.50, 19.77, 3.27, -10.08
22.50, 22.94, 3.33, -10.07
19.50, 24.64, 3.17, -10.05
17.50, 25.30, 2.86, -10.03
14.50, 24.83, 2.42, -10.01
12.50, 23.65, 1.92, -9.98
13.50, 22.61, 1.49, -9.96
7.50, 20.02, 0.89, -9.94
4.50, 16.87, 0.26, -9.92
3.50, 13.77, -0.28, -9.91
-1.50, 9.78, -0.89, -8.91
-5.50, 5.33, -1.49, -5.77
-6.50, 1.27, -1.96, -1.73
-12.50, -3.63, -2.49, 8.90
-12.50, -7.73, -2.84, 10.13
-18.50, -12.56, -3.24, 10.13
-16.50, -16.02, -3.39, 10.12
-19.50, -19.47, -3.51, 10.11
-20.50, -22.41, -3.52, 10.09
-21.50, -24.89, -3.46, 10.07
-17.50, -25.72, -3.16, 10.05
-14.50, -25.38, -2.72, 10.02
-12.50, -24.29, -2.20, 9.99
-8.50, -22.09, -1.58, 9.97
-7.50, -19.70, -0.99, 9.94
-5.50, -16.95, -0.42, 9.92
-3.50, -13.95, 0.13, 9.91
-0.50, -10.52, 0.68, 9.49
4.50, -6.29, 1.27, 6.60
4.50, -2.65, 1.71, 3.45
7.50, 1.17, 2.12, -5.98
9.50, 4.86, 2.45, -9.75
16.50, 9.60, 2.88, -10.12
16.50, 13.51, 3.14, -10.12
17.50, 16.90, 3.28, -10.11
18.50, 19.81, 3.33, -10.09
13.50, 20.82, 3.09, -10.07
11.50, 20.90, 2.73, -10.04
11.50, 20.67, 2.35, -10.02
9.50, 19.72, 1.91, -9.99
5.50, 17.68, 1.35, -9.97
4.50, 15.46, 0.82, -9.95
0.50, 12.40, 0.23, -9.93
-4.50, 8.41, -0.43, -8.65
-7.50, 4.15, -1.05, -5.32
-11.50, -0.52, -1.66, 4.34
-10.50, -4.26, -2.06, 8.87
-13.50, -8.13, -2.43, 10.12
-17.50, -12.30, -2.79, 10.12
-16.50, -15.48, -2.96, 10.11
-20.50, -18.98, -3.13, 10.10
-21.50, -22.01, -3.21, 10.09
-18.50, -23.61, -3.07, 10.07
-19.50, -24.95, -2.90, 10.05
-13.50, -24.36, -2.46, 10.02
-11.50, -23.08, -1.96, 10.00
-8.50, -20.99, -1.39, 9.97
-6.50, -18.48, -0.81, 9.95
-1.50, -14.92, -0.15, 9.92
-0.50, -11.48, 0.42, 9.91
2.50, -7.70, 0.98, 7.72
6.50, -3.45, 1.53, 4.33
11.50, 1.41, 2.10, -6.26
10.50, 5.27, 2.47, -10.06
16.50, 9.93, 2.89, -10.13
15.50, 13.52, 3.10, -10.12
14.50, 16.15, 3.15, -10.10
12.50, 17.67, 3.01, -10.08
16.50, 19.69, 2.95, -10.07
13.50, 20.43, 2.70, -10.04
12.50, 20.54, 2.38, -10.02
8.50, 19.40, 1.91, -10.00
5.50, 17.44, 1.36, -9.97
6.50, 15.78, 0.91, -9.95
1.50, 12.96, 0.35, -9.93
-2.50, 9.42, -0.26, -9.36
-4.50, 5.78, -0.81, -6.72
-4.50, 2.62, -1.23, -3.86
-13.50, -2.29, -1.84, 6.92
-13.50, -6.47, -2.28, 10.12
-17.50, -10.93, -2.69, 10.12
-18.50, -14.87, -2.98, 10.12
-18.50, -18.05, -3.12, 10.11
-16.50, -20.07, -3.06, 10.09
-16.50, -21.54, -2.92, 10.07
-14.50, -22.05, -2.65, 10.05
-13.50, -21.98, -2.31, 10.02
-9.50, -20.68, -1.83, 10.00
-5.50, -18.34, -1.24, 9.97
-6.50, -16.37, -0.76, 9.95
-3.50, -13.78, -0.25, 9.93
-0.50, -10.69, 0.28, 9.92
4.50, -6.73, 0.87, 7.26
6.50, -2.80, 1.39, 3.89
11.50, 1.79, 1.94, -6.50
9.50, 5.18, 2.25, -9.74
14.50, 9.20, 2.60, -10.11
12.50, 12.02, 2.74, -10.10
14.50, 14.74, 2.83, -10.09
13.50, 16.61, 2.79, -10.08
14.50, 18.23, 2.69, -10.06
11.50, 18.64, 2.43, -10.04
7.50, 17.76, 2.01, -10.01
9.50, 17.26, 1.67, -10.00
6.50, 15.88, 1.24, -9.98
2.50, 13.53, 0.71, -9.96
1.50, 11.11, 0.23, -9.94
-5.50, 7.20, -0.41, -8.00
-4.50, 4.00, -0.87, -5.39
-6.50, 0.73, -1.29, -1.47
-13.50, -3.76, -1.83, 8.21
-16.50, -8.31, -2.31, 10.12
-14.50, -11.61, -2.56, 10.11
-17.50, -15.03, -2.78, 10.10
-23.50, -19.24, -3.08, 10.10
-18.50, -21.43, -3.05, 10.09
-16.50, -22.56, -2.86, 10.07
-20.50, -24.24, -2.76, 10.05
-16.50, -24.45, -2.45, 10.03
-13.50, -23.63, -2.02, 10.00
-7.50, -21.21, -1.40, 9.97
-7.50, -18.90, -0.86, 9.95
0.50, -14.78, -0.12, 9.92
0.50, -11.10, 0.49, 9.91
2.50, -7.37, 1.03, 7.48
7.50, -2.91, 1.60, 3.80
11.50, 1.87, 2.16, -6.87
10.50, 5.66, 2.50, -10.12
14.50, 9.76, 2.84, -10.12
14.50, 13.11, 3.03, -10.11
13.50, 15.53, 3.04, -10.10
12.50, 17.13, 2.93, -10.08
14.50, 18.73, 2.82, -10.06
13.50, 19.60, 2.60, -10.04
10.50, 19.35, 2.24, -10.02
9.50, 18.64, 1.84, -10.00
8.50, 17.55, 1.43, -9.98
5.50, 15.67, 0.94, -9.96
2.50, 13.14, 0.42, -9.94
-3.50, 9.36, -0.22, -9.37
-7.50, 5.04, -0.88, -6.15
-8.50, 1.02, -1.41, -1.83
-11.50, -3.15, -1.90, 7.78
-13.50, -7.16, -2.30, 10.12
-14.50, -10.74, -2.59, 10.12
-18.50, -14.64, -2.88, 10.11
-19.50, -18.05, -3.06, 10.10
-17.50, -20.27, -3.04, 10.09
-17.50, -21.92, -2.93, 10.07
-14.50, -22.34, -2.64, 10.05
-16.50, -22.92, -2.40, 10.03
-9.50, -21.46, -1.88, 10.00
-7.50, -19.46, -1.34, 9.97
-2.50, -16.31, -0.68, 9.95
0.50, -12.69, -0.03, 9.92
1.50, -9.21, 0.53, 8.98
6.50, -4.93, 1.14, 5.82
5.50, -1.48, 1.56, 2.33
11.50, 2.92, 2.06, -7.78
9.50, 6.14, 2.34, -10.11
14.50, 9.99, 2.65, -10.11
15.50, 13.38, 2.86, -10.11
18.50, 16.84, 3.04, -10.10
16.50, 19.09, 3.02, -10.08
13.50, 20.04, 2.81, -10.06
13.50, 20.58, 2.55, -10.04
10.50, 20.05, 2.15, -10.02
9.50, 19.10, 1.73, -9.99
8.50, 17.82, 1.30, -9.97
3.50, 15.29, 0.74, -9.95
3.50, 12.94, 0.27, -9.94
-0.50, 9.83, -0.27, -9.57
-2.50, 6.58, -0.76, -7.28
-11.50, 1.55, -1.44, -2.51
-9.50, -2.29, -1.88, 6.96
-12.50, -6.25, -2.28, 10.12
-15.50, -10.28, -2.63, 10.12
-15.50, -13.59, -2.83, 10.11
-18.50, -16.97, -3.01, 10.10
-22.50, -20.64, -3.20, 10.09
-22.50, -23.54, -3.24, 10.08
-20.50, -25.28, -3.11, 10.06
-18.50, -25.99, -2.84, 10.04
-15.50, -25.58, -2.42, 10.02
-13.50, -24.46, -1.94, 9.99
-13.50, -23.24, -1.49, 9.97
-10.50, -21.23, -0.97, 9.95
-7.50, -18.59, -0.42, 9.93
-3.50, -15.19, 0.18, 9.91
-2.50, -11.91, 0.69, 9.90
3.50, -7.58, 1.29, 7.35
6.50, -3.12, 1.84, 3.77
8.50, 1.16, 2.29, -6.19
13.50, 5.96, 2.76, -10.13
13.50, 9.94, 3.05, -10.12
11.50, 12.67, 3.12, -10.11
15.50, 15.76, 3.22, -10.10
16.50, 18.41, 3.23, -10.08
17.50, 20.65, 3.17, -10.07
13.50, 21.32, 2.88, -10.04
9.50, 20.62, 2.42, -10.02
12.50, 20.46, 2.07, -10.00
5.50, 18.37, 1.49, -9.97
3.50, 15.84, 0.90, -9.95
-1.50, 12.26, 0.22, -9.92
0.50, 9.52, -0.27, -9.40
-3.50, 6.10, -0.79, -6.94
-5.50, 2.62, -1.26, -3.83
-10.50, -1.58, -1.77, 6.06
-15.50, -6.37, -2.30, 10.12
-13.50, -9.90, -2.59, 10.12
-17.50, -13.76, -2.88, 10.12
-17.50, -16.89, -3.02, 10.11
-19.50, -19.85, -3.11, 10.09
-16.50, -21.42, -2.98, 10.07
-13.50, -21.76, -2.68, 10.05
-12.50, -21.54, -2.32, 10.02
-9.50, -20.35, -1.85, 10.00
-9.50, -19.09, -1.42, 9.98
-3.50, -16.34, -0.81, 9.95
-3.50, -13.79, -0.30, 9.94
1.50, -10.25, 0.30, 9.74
5.50, -6.14, 0.91, 6.85
9.50, -1.58, 1.51, 2.50
8.50, 2.07, 1.92, -6.78
12.50, 6.11, 2.32, -10.12
16.50, 10.46, 2.72, -10.12
15.50, 13.79, 2.91, -10.11
15.50, 16.45, 2.98, -10.10
15.50, 18.50, 2.94, -10.08
13.50, 19.53, 2.75, -10.06
9.50, 19.17, 2.37, -10.03
11.50, 19.10, 2.06, -10.01
10.50, 18.55, 1.71, -10.00
3.50, 16.16, 1.13, -9.97
3.50, 13.90, 0.63, -9.95
1.50, 11.32, 0.13, -9.93
-0.50, 8.50, -0.35, -8.80
-11.50, 3.31, -1.10, -4.61
-11.50, -1.18, -1.67, 5.41
-15.50, -5.99, -2.21, 10.12
-15.50, -10.03, -2.59, 10.12
-17.50, -13.86, -2.87, 10.12
-19.50, -17.46, -3.08, 10.11
-19.50, -20.33, -3.16, 10.10
-19.50, -22.55, -3.12, 10.08
-18.50, -23.94, -2.95, 10.06
-16.50, -24.37, -2.66, 10.04
-10.50, -23.00, -2.13, 10.01
-11.50, -21.80, -1.67, 9.99
-7.50, -19.55, -1.11, 9.96
-5.50, -16.93, -0.55, 9.94
0.50, -13.06, 0.12, 9.92
4.50, -8.64, 0.80, 8.41
3.50, -5.02, 1.29, 5.74
9.50, -0.45, 1.85, 0.52
10.50, 3.68, 2.28, -8.68
13.50, 7.85, 2.66, -10.12
18.50, 12.52, 3.06, -10.12
17.50, 16.09, 3.25, -10.11
18.50, 19.18, 3.33, -10.10
17.50, 21.32, 3.26, -10.08
16.50, 22.63, 3.06, -10.06
18.50, 23.96, 2.88, -10.04
15.50, 24.07, 2.53, -10.02
12.50, 23.16, 2.07, -10.00
10.50, 21.62, 1.56, -9.97
6.50, 19.09, 0.96, -9.95
4.50, 16.22, 0.38, -9.93
2.50, 13.12, -0.18, -9.91
-0.50, 9.62, -0.72, -9.00
-4.50, 5.58, -1.28, -6.13
-8.50, 1.13, -1.83, -1.65
-10.50, -3.15, -2.28, 8.24
-14.50, -7.70, -2.72, 10.13
-15.50, -11.71, -3.02, 10.12
-16.50, -15.20, -3.20, 10.11
-20.50, -18.96, -3.38, 10.10
-20.50, -21.93, -3.42, 10.09
-17.50, -23.46, -3.24, 10.07
-19.50, -24.96, -3.06, 10.05
-15.50, -24.98, -2.68, 10.03
-13.50, -24.20, -2.22, 10.00
-7.50, -21.79, -1.57, 9.97
-8.50, -19.72, -1.03, 9.95
-5.50, -17.00, -0.46, 9.93
-5.50, -14.50, 0.02, 9.92
-0.50, -11.03, 0.58, 9.83
6.50, -6.27, 1.26, 6.59
8.50, -1.66, 1.83, 2.32
9.50, 2.50, 2.28, -7.66
13.50, 6.96, 2.70, -10.13
11.50, 10.16, 2.89, -10.12
18.50, 14.43, 3.19, -10.12
16.50, 17.39, 3.27, -10.10
17.50, 19.93, 3.26, -10.09
18.50, 22.07, 3.19, -10.07
17.50, 23.39, 2.99, -10.05
12.50, 23.00, 2.56, -10.02
11.50, 22.13, 2.10, -10.00
14.50, 21.85, 1.77, -9.98
10.50, 20.40, 1.30, -9.96
12.50, 19.44, 0.95, -9.95
10.50, 17.95, 0.56, -9.94
9.50, 16.29, 0.20, -9.93
9.50, 14.75, -0.11, -9.93
11.50, 13.84, -0.29, -9.93
15.50, 14.01, -0.29, -9.94
17.50, 14.62, -0.22, -9.95
22.50, 16.37, 0.01, -9.97
25.50, 18.60, 0.30, -9.99
28.50, 21.24, 0.61, -10.00
29.50, 23.73, 0.88, -10.02
32.50, 26.55, 1.17, -10.03
33.50, 29.14, 1.39, -10.03
31.50, 30.78, 1.46, -10.03
30.50, 31.83, 1.43, -10.03
29.50, 32.35, 1.33, -10.02
22.50, 30.95, 0.96, -10.00
22.50, 29.61, 0.64, -9.98
14.50, 26.38, 0.08, -9.96
13.50, 23.28, -0.40, -9.94
8.50, 19.33, -0.95, -9.92
0.50, 13.98, -1.64, -9.90
-2.50, 8.67, -2.24, -7.09
-9.50, 2.49, -2.90, -2.37
-15.50, -4.15, -3.54, 10.14
-21.50, -11.12, -4.15, 10.15
-24.50, -17.58, -4.61, 10.15
-28.50, -23.79, -4.96, 10.14
-26.50, -28.25, -5.03, 10.12
-32.50, -33.14, -5.12, 10.11
-31.50, -36.64, -5.00, 10.09
-28.50, -38.46, -4.63, 10.06
-27.50, -39.30, -4.16, 10.03
-25.50, -39.07, -3.57, 9.99
-23.50, -37.95, -2.91, 9.96
-18.50, -35.37, -2.10, 9.93
-16.50, -32.32, -1.32, 9.90
-16.50, -29.41, -0.64, 9.89
-10.50, -25.22, 0.14, 9.87
-5.50, -20.23, 0.94, 9.85
-5.50, -15.86, 1.57, 9.84
-3.50, -11.59, 2.09, 8.62
-3.50, -7.97, 2.45, 6.49
4.50, -3.01, 2.95, 2.76
7.50, 1.85, 3.36, -8.42
9.50, 6.32, 3.65, -10.14
13.50, 10.89, 3.92, -10.13
14.50, 14.78, 4.04, -10.12
14.50, 17.81, 4.01, -10.10
13.50, 19.82, 3.82, -10.08
11.50, 20.70, 3.48, -10.05
7.50, 20.11, 2.96, -10.02
9.50, 19.76, 2.51, -9.99
6.50, 18.41, 1.96, -9.97
4.50, 16.48, 1.39, -9.95
3.50, 14.33, 0.85, -9.93
-1.50, 11.07, 0.20, -9.91
-3.50, 7.62, -0.39, -8.24
-6.50, 3.83, -0.97, -5.14
-9.50, -0.21, -1.50, 3.41
-16.50, -5.38, -2.13, 9.76
-20.50, -10.74, -2.71, 10.14
-18.50, -14.74, -3.03, 10.14
-20.50, -18.49, -3.26, 10.13
-22.50, -21.98, -3.41, 10.12
-21.50, -24.48, -3.39, 10.10
-24.50, -27.08, -3.37, 10.08
-20.50, -28.05, -3.11, 10.06
-20.50, -28.57, -2.80, 10.04
-16.50, -27.75, -2.33, 10.01
-11.50, -25.53, -1.70, 9.98
-12.50, -23.62, -1.17, 9.96
-7.50, -20.54, -0.53, 9.93
-8.50, -17.97, -0.04, 9.92
-0.50, -13.69, 0.64, 9.90
-1.50, -10.19, 1.14, 8.88
7.50, -4.96, 1.81, 5.22
6.50, -0.73, 2.27, 0.75
9.50, 3.53, 2.67, -9.03
15.50, 8.52, 3.11, -10.13
16.50, 12.87, 3.41, -10.13
15.50, 16.14, 3.50, -10.11
17.50, 19.16, 3.54, -10.10
17.50, 21.46, 3.46, -10.08
14.50, 22.40, 3.18, -10.05
14.50, 22.88, 2.85, -10.03
10.50, 22.02, 2.36, -10.00
9.50, 20.73, 1.85, -9.98
5.50, 18.39, 1.24, -9.95
1.50, 15.18, 0.58, -9.93
1.50, 12.24, 0.02, -9.91
-5.50, 7.88, -0.68, -8.10
-5.50, 4.05, -1.22, -5.09
-11.50, -0.72, -1.82, 4.93
-11.50, -4.78, -2.26, 9.49
-14.50, -8.92, -2.64, 10.13
-18.50, -13.31, -3.01, 10.13
-18.50, -16.89, -3.21, 10.12
-20.50, -20.24, -3.33, 10.11
-21.50, -23.11, -3.37, 10.09
-20.50, -25.05, -3.25, 10.07
-18.50, -25.93, -2.99, 10.05
-17.50, -26.15, -2.65, 10.03
-13.50, -25.06, -2.15, 10.00
-10.50, -23.12, -1.58, 9.97
-4.50, -19.74, -0.86, 9.94
-4.50, -16.64, -0.25, 9.92
0.50, -12.60, 0.42, 9.90
4.50, -8.06, 1.09, 7.81
2.50, -4.61, 1.53, 5.23
10.50, 0.29, 2.11, -4.50
11.50, 4.67, 2.55, -9.75
15.50, 9.30, 2.96, -10.13
15.50, 13.10, 3.20, -10.12
20.50, 17.38, 3.46, -10.12
22.50, 21.29, 3.64, -10.11
20.50, 23.89, 3.59, -10.09
20.50, 25.80, 3.44, -10.07
17.50, 26.40, 3.11, -10.04
13.50, 25.60, 2.60, -10.01
13.50, 24.61, 2.11, -9.99
10.50, 22.75, 1.54, -9.96
7.50, 20.17, 0.93, -9.94
5.50, 17.26, 0.34, -9.92
1.50, 13.63, -0.29, -9.90
-5.50, 8.69, -1.03, -8.20
-5.50, 4.39, -1.60, -4.99
-7.50, 0.22, -2.08, 0.11
-14.50, -5.00, -2.64, 10.09
-13.50, -9.13, -2.98, 10.13
-14.50, -12.74, -3.19, 10.12
-14.50, -15.63, -3.26, 10.11
-18.50, -18.84, -3.36, 10.10
-16.50, -20.84, -3.26, 10.08
-11.50, -21.04, -2.90, 10.05
-14.50, -21.65, -2.63, 10.03
-8.50, -20.43, -2.12, 10.00
-9.50, -19.36, -1.67, 9.98
-7.50, -17.71, -1.19, 9.96
0.50, -14.14, -0.49, 9.93
1.50, -10.65, 0.13, 9.91
2.50, -7.30, 0.66, 7.79
9.50, -2.65, 1.31, 3.80
11.50, 1.85, 1.87, -6.49
14.50, 6.40, 2.36, -10.13
18.50, 11.19, 2.82, -10.13
16.50, 14.67, 3.03, -10.12
19.50, 18.19, 3.21, -10.11
18.50, 20.73, 3.23, -10.10
17.50, 22.42, 3.10, -10.08
16.50, 23.34, 2.87, -10.05
16.50, 23.85, 2.59, -10.03
11.50, 22.79, 2.11, -10.01
8.50, 20.89, 1.55, -9.98
6.50, 18.53, 0.98, -9.96
6.50, 16.31, 0.49, -9.94
0.50, 12.79, -0.13, -9.92
-2.50, 8.92, -0.73, -8.64
-8.50, 4.07, -1.39, -4.95
-17.50, -2.30, -2.20, 7.38
21.50, 1.81, -1.44, -2.85
-20.50, -4.77, -2.24, 9.43
18.50, -0.80, -1.47, 4.54
12.50, 1.33, -1.01, -2.67
9.50, 2.55, -0.72, -4.35
-54.50, -11.96, -2.66, 10.10
-63.50, -26.62, -4.43, 10.17
-72.50, -41.26, -6.02, 10.22
-82.50, -55.98, -7.44, 10.25
-87.50, -69.40, -8.51, 10.27
-92.50, -81.58, -9.27, 10.26
-99.50, -93.07, -9.82, 10.25
-105.50, -103.62, -10.16, 10.23
-117.50, -114.78, -10.51, 10.21
-114.50, -122.73, -10.35, 10.17
-112.50, -128.11, -9.81, 10.12
-111.50, -131.50, -9.03, 10.07
-109.50, -132.96, -8.03, 10.01
-105.50, -132.31, -6.83, 9.95
-104.50, -130.64, -5.59, 9.90
-100.50, -127.45, -4.27, 9.85
-101.50, -124.27, -3.09, 9.82
-101.50, -120.96, -2.02, 9.80
-95.50, -116.18, -0.88, 9.77
-96.50, -111.94, 0.05, 9.76
-94.50, -107.55, 0.88, 9.76
-90.50, -102.62, 1.67, 9.76
-87.50, -97.57, 2.37, 9.76
-86.50, -92.98, 2.91, 9.77
-79.50, -87.40, 3.50, 9.78
-80.50, -82.98, 3.83, 9.79
-73.50, -77.69, 4.23, 9.80
-70.50, -72.66, 4.52, 9.82
-67.50, -67.91, 4.72, 9.84
-61.50, -62.71, 4.94, 9.85
-54.50, -56.91, 5.20, 9.86
-49.50, -51.12, 5.42, 9.87
47.50, -22.84, 8.74, 7.32
-47.50, -22.18, 7.86, 7.85
0.50, -10.62, 8.55, 3.21
2.50, -0.89, 8.89, -10.18
-30.50, -1.35, 7.75, -10.10
-2.50, 4.26, 7.54, -10.07
-1.50, 8.57, 7.16, -10.05
-21.50, 6.63, 5.93, -9.98
-6.50, 7.89, 5.25, -9.95
-33.50, 1.71, 3.61, -8.35
-12.50, 0.91, 2.88, -6.39
-25.50, -3.43, 1.75, 4.40
-25.50, -7.57, 0.76, 8.15
-25.50, -11.46, -0.06, 10.20
-23.50, -14.53, -0.67, 10.20
-22.50, -17.06, -1.12, 10.19
-28.50, -20.78, -1.66, 10.19
-26.50, -23.51, -1.99, 10.18
-24.50, -25.32, -2.13, 10.16
-21.50, -26.05, -2.08, 10.13
-23.50, -27.05, -2.05, 10.11
-18.50, -26.54, -1.80, 10.08
-15.50, -25.23, -1.44, 10.05
-7.50, -21.99, -0.83, 10.02
-4.50, -18.35, -0.22, 9.99
0.50, -13.90, 0.45, 9.96
8.50, -8.06, 1.24, 7.71
7.50, -3.29, 1.81, 3.98
9.50, 1.24, 2.27, -6.24
-16.50, -1.35, 1.68, 2.13
24.50, 6.27, 2.57, -10.09
22.50, 12.21, 3.12, -10.10
26.50, 18.10, 3.61, -10.11
27.50, 23.17, 3.91, -10.11
29.50, 27.71, 4.10, -10.10
28.50, 31.04, 4.09, -10.09
28.50, 33.54, 3.95, -10.07
21.50, 33.60, 3.46, -10.03
19.50, 32.78, 2.90, -10.00
18.50, 31.47, 2.31, -9.97
14.50, 29.05, 1.62, -9.95
9.50, 25.47, 0.84, -9.92
11.50, 22.66, 0.25, -9.90
3.50, 18.12, -0.51, -9.88
2.50, 13.87, -1.14, -9.87
-4.50, 8.46, -1.86, -7.28
-8.50, 2.85, -2.53, -2.94
-7.50, -1.65, -2.95, 7.67
-9.50, -5.86, -3.27, 10.15
-17.50, -11.23, -3.70, 10.14
-16.50, -15.36, -3.89, 10.13
-20.50, -19.61, -4.07, 10.12
-18.50, -22.46, -4.01, 10.10
-19.50, -24.80, -3.87, 10.08
-20.50, -26.70, -3.67, 10.06
8.50, -20.87, -2.39, 9.99
-18.50, -22.09, -2.22, 9.98
-5.50, -19.70, -1.56, 9.95
-0.50, -16.16, -0.80, 9.93
-0.50, -12.90, -0.16, 9.91
-21.50, -15.09, -0.36, 9.93
10.50, -9.07, 0.60, 8.83
12.50, -3.30, 1.42, 4.28
-20.50, -6.39, 0.91, 7.02
-19.50, -8.87, 0.51, 8.86
11.50, -3.48, 1.25, 4.63
10.50, 0.92, 1.76, -5.13
9.50, 4.39, 2.09, -8.97
18.50, 9.45, 2.60, -10.10
12.50, 12.20, 2.71, -10.09
-16.50, 7.26, 1.73, -10.03
18.50, 11.33, 2.09, -10.05
7.50, 11.99, 1.93, -10.03
17.50, 14.81, 2.09, -10.03
-18.50, 8.25, 0.91, -9.97
-21.50, 1.65, -0.17, -3.82
15.50, 4.88, 0.24, -7.19
-0.50, 3.73, 0.01, -6.07
-0.50, 2.68, -0.19, -4.95
-20.50, -3.15, -1.02, 6.76
-5.50, -4.53, -1.15, 8.00
-20.50, -9.33, -1.73, 10.09
20.50, -3.37, -0.74, 6.60
-18.50, -7.65, -1.26, 10.05
13.50, -3.44, -0.55, 6.44
10.50, -0.45, -0.06, 2.16
-19.50, -5.15, -0.70, 7.91
-14.50, -7.97, -1.01, 10.00
-12.50, -9.86, -1.16, 10.03
-19.50, -13.11, -1.48, 10.04
-4.50, -12.14, -1.18, 10.02
-3.50, -10.92, -0.87, 10.00
18.50, -4.38, 0.17, 6.41
-19.50, -7.94, -0.31, 9.21
9.50, -3.90, 0.31, 5.89
14.50, 0.85, 0.97, -4.04
19.50, 6.18, 1.65, -9.68
23.50, 11.69, 2.27, -10.11
-15.50, 6.79, 1.36, -9.71
-15.50, 2.39, 0.60, -5.51
-16.50, -1.78, -0.06, 4.31
13.50, 1.90, 0.44, -4.81
19.50, 6.54, 1.02, -9.17
18.50, 10.25, 1.43, -10.04
16.50, 12.87, 1.63, -10.05
13.50, 14.28, 1.64, -10.04
12.50, 15.10, 1.57, -10.03
6.50, 14.19, 1.25, -10.01
3.50, 12.52, 0.85, -9.99
2.50, 10.71, 0.47, -9.97
-2.50, 7.82, -0.03, -8.77
-4.50, 4.77, -0.49, -6.36
-9.50, 0.88, -1.02, -1.95
-14.50, -3.69, -1.59, 7.86
-11.50, -6.84, -1.90, 10.09
-14.50, -10.18, -2.19, 10.09
-15.50, -13.17, -2.38, 10.09
-15.50, -15.57, -2.47, 10.08
-16.50, -17.69, -2.50, 10.07
-14.50, -18.82, -2.37, 10.05
-13.50, -19.33, -2.16, 10.04
-7.50, -18.08, -1.71, 10.01
-6.50, -16.54, -1.27, 9.99
-3.50, -14.30, -0.76, 9.96
-5.50, -12.71, -0.40, 9.95
2.50, -9.27, 0.18, 9.38
3.50, -5.98, 0.68, 6.99
6.50, -2.38, 1.16, 3.70
9.50, 1.44, 1.62, -5.68
16.50, 6.39, 2.18, -10.11
15.50, 10.30, 2.53, -10.11
20.50, 14.75, 2.90, -10.11
26.50, 19.86, 3.31, -10.12
24.50, 23.54, 3.47, -10.11
28.50, 27.42, 3.63, -10.10
30.50, 30.95, 3.71, -10.09
35.50, 34.89, 3.82, -10.08
36.50, 38.20, 3.82, -10.07
-19.50, 26.99, 1.78, -9.96
-16.50, 17.68, 0.19, -9.89
-16.50, 9.42, -1.09, -8.49
-16.50, 2.19, -2.09, -2.64
14.50, 3.56, -1.77, -4.19
53.50, 14.39, -0.13, -9.96
51.50, 23.36, 1.10, -10.03
54.50, 31.82, 2.16, -10.07
58.50, 40.01, 3.07, -10.10
55.50, 46.16, 3.60, -10.11
58.50, 51.94, 4.01, -10.12
60.50, 57.11, 4.28, -10.11
65.50, 62.43, 4.53, -10.11
65.50, 66.65, 4.58, -10.09
65.50, 69.86, 4.48, -10.08
67.50, 72.70, 4.32, -10.06
70.50, 75.44, 4.15, -10.04
64.50, 75.92, 3.67, -10.01
69.50, 77.13, 3.34, -9.99
70.50, 78.03, 2.99, -9.98
71.50, 78.68, 2.65, -9.97
69.50, 78.42, 2.21, -9.95
71.50, 78.37, 1.85, -9.94
67.50, 77.08, 1.35, -9.93
73.50, 77.20, 1.11, -9.93
71.50, 76.61, 0.80, -9.92
68.50, 75.20, 0.42, -9.92
69.50, 74.09, 0.13, -9.91
69.50, 73.03, -0.12, -9.92
69.50, 72.04, -0.32, -9.92
65.50, 70.17, -0.61, -9.92
67.50, 69.02, -0.77, -9.92
64.50, 67.31, -0.97, -9.92
64.50, 65.85, -1.11, -9.93
63.50, 64.41, -1.22, -9.93
63.50, 63.24, -1.28, -9.94
60.50, 61.58, -1.39, -9.94
57.50, 59.51, -1.54, -9.95
55.50, 57.35, -1.67, -9.95
54.50, 55.37, -1.77, -9.95
54.50, 53.80, -1.78, -9.96
51.50, 51.88, -1.84, -9.96
47.50, 49.40, -1.97, -9.96
43.50, 46.45, -2.14, -9.96
38.50, 42.87, -2.38, -9.95
37.50, 39.74, -2.53, -9.95
38.50, 37.50, -2.53, -9.96
35.50, 35.08, -2.56, -9.96
33.50, 32.75, -2.56, -9.97
28.50, 29.77, -2.65, -9.97
16.50, 24.51, -3.04, -9.96
-16.50, 12.16, -4.38, -6.97
14.50, 9.38, -4.25, -5.81
16.50, 7.88, -3.94, -5.31
-20.50, -2.06, -4.83, 10.09
2.50, -4.63, -4.60, 10.06
2.50, -6.38, -4.26, 10.04
-1.50, -8.41, -3.98, 10.02
-5.50, -10.72, -3.76, 10.01
-7.50, -12.77, -3.53, 9.99
-11.50, -15.13, -3.36, 9.99
-15.50, -17.75, -3.25, 9.98
-17.50, -20.14, -3.11, 9.98
-19.50, -22.32, -2.96, 9.98
-19.50, -23.86, -2.74, 9.97
-19.50, -24.85, -2.47, 9.96
-20.50, -25.64, -2.19, 9.95
-20.50, -26.02, -1.90, 9.95
-18.50, -25.59, -1.52, 9.94
-42.50, -30.85, -1.99, 9.97
-48.50, -36.66, -2.49, 10.00
-51.50, -42.17, -2.91, 10.02
-50.50, -46.42, -3.11, 10.02
-53.50, -50.51, -3.27, 10.03
-54.50, -53.97, -3.32, 10.03
-59.50, -57.84, -3.43, 10.03
-57.50, -60.36, -3.32, 10.02
-60.50, -62.91, -3.23, 10.01
-67.50, -66.48, -3.29, 10.01
-68.50, -69.46, -3.26, 10.01
-66.50, -71.20, -3.05, 10.00
-69.50, -73.09, -2.89, 9.99
-71.50, -74.88, -2.73, 9.98
-73.50, -76.60, -2.57, 9.98
-75.50, -78.26, -2.42, 9.98
-75.50, -79.41, -2.22, 9.97
-73.50, -79.63, -1.91, 9.96
-76.50, -80.29, -1.70, 9.96
-74.50, -80.14, -1.40, 9.95
-77.50, -80.53, -1.21, 9.95
-77.50, -80.69, -1.01, 9.95
-78.50, -80.89, -0.85, 9.95
-79.50, -81.17, -0.72, 9.95
-75.50, -80.31, -0.45, 9.94
-78.50, -80.18, -0.31, 9.94
-75.50, -79.25, -0.09, 9.94
-75.50, -78.38, 0.10, 9.94
-76.50, -77.82, 0.22, 9.94
-75.50, -77.07, 0.35, 9.95
-74.50, -76.16, 0.47, 9.95
-71.50, -74.64, 0.67, 9.95
-70.50, -73.10, 0.84, 9.95
-70.50, -71.81, 0.95, 9.95
-70.50, -70.75, 1.01, 9.95
-68.50, -69.42, 1.10, 9.96
-65.50, -67.61, 1.24, 9.96
-69.50, -67.12, 1.18, 9.97
-66.50, -66.07, 1.19, 9.97
-61.50, -64.04, 1.34, 9.97
-60.50, -62.15, 1.44, 9.97
-61.50, -60.89, 1.45, 9.97
-56.50, -58.71, 1.58, 9.97
-52.50, -55.99, 1.76, 9.97
-52.50, -53.79, 1.86, 9.97
-48.50, -51.08, 2.01, 9.96
-42.50, -47.45, 2.27, 9.96
-42.50, -44.51, 2.40, 9.96
-38.50, -41.21, 2.57, 9.96
-37.50, -38.34, 2.65, 9.96
-32.50, -34.89, 2.80, 9.96
-28.50, -31.20, 2.97, 9.96
-26.50, -27.79, 3.07, 9.96
-20.50, -23.67, 3.26, 9.95
-15.50, -19.20, 3.47, 9.95
-17.50, -16.14, 3.46, 9.44
-13.50, -12.87, 3.47, 8.10
-8.50, -9.17, 3.53, 6.33
-5.50, -5.59, 3.57, 4.29
0.50, -1.39, 3.69, 0.83
2.50, 2.36, 3.72, -9.28
5.50, 5.95, 3.73, -10.02
12.50, 10.38, 3.85, -10.03
18.50, 15.29, 4.03, -10.03
10.50, 17.17, 3.75, -10.01
18.50, 20.33, 3.68, -10.01
15.50, 21.94, 3.40, -9.99
38.50, 28.55, 3.84, -10.02
41.50, 34.63, 4.17, -10.03
42.50, 39.72, 4.33, -10.03
48.50, 45.15, 4.51, -10.04
49.50, 49.63, 4.54, -10.03
55.50, 54.51, 4.62, -10.03
61.50, 59.72, 4.73, -10.03
67.50, 65.21, 4.86, -10.03
64.50, 68.72, 4.71, -10.02
71.50, 72.96, 4.66, -10.02
76.50, 77.35, 4.64, -10.01
77.50, 80.90, 4.50, -10.00
81.50, 84.44, 4.37, -10.00
86.50, 88.24, 4.28, -9.99
84.50, 90.56, 4.00, -9.98
85.50, 92.34, 3.67, -9.97
87.50, 93.92, 3.35, -9.96
92.50, 96.08, 3.15, -9.95
92.50, 97.57, 2.87, -9.95
97.50, 99.70, 2.72, -9.95
99.50, 101.69, 2.57, -9.95
98.50, 102.83, 2.32, -9.95
99.50, 103.75, 2.07, -9.94
99.50, 104.25, 1.80, -9.94
102.50, 105.16, 1.62, -9.94
105.50, 106.44, 1.51, -9.94
104.50, 107.09, 1.34, -9.94
106.50, 107.93, 1.21, -9.94
107.50, 108.72, 1.10, -9.95
108.50, 109.48, 1.01, -9.95
107.50, 109.74, 0.86, -9.95
111.50, 110.80, 0.84, -9.96
108.50, 110.85, 0.69, -9.96
111.50, 111.52, 0.65, -9.96
110.50, 111.74, 0.55, -9.96
110.50, 111.84, 0.45, -9.96
110.50, 111.84, 0.35, -9.96
109.50, 111.52, 0.23, -9.96
110.50, 111.43, 0.15, -9.96
110.50, 111.30, 0.08, -9.97
109.50, 110.90, -0.02, -9.97
111.50, 111.02, -0.03, -9.97
109.50, 110.62, -0.11, -9.97
109.50, 110.25, -0.17, -9.97
104.50, 108.70, -0.39, -9.97
109.50, 108.59, -0.38, -9.97
108.50, 108.27, -0.40, -9.98
104.50, 107.03, -0.54, -9.97
104.50, 106.00, -0.63, -9.97
100.50, 104.16, -0.83, -9.97
99.50, 102.38, -0.99, -9.96
100.50, 101.16, -1.06, -9.97
97.50, 99.45, -1.18, -9.97
92.50, 96.84, -1.41, -9.96
91.50, 94.45, -1.59, -9.96
89.50, 92.03, -1.74, -9.96
87.50, 89.59, -1.88, -9.96
87.50, 87.64, -1.93, -9.96
82.50, 84.90, -2.08, -9.96
80.50, 82.24, -2.20, -9.96
74.50, 78.67, -2.43, -9.95
73.50, 75.55, -2.57, -9.95
68.50, 71.87, -2.77, -9.95
68.50, 68.93, -2.84, -9.96
62.50, 65.20, -3.00, -9.95
60.50, 61.77, -3.10, -9.96
58.50, 58.61, -3.15, -9.96
51.50, 54.47, -3.33, -9.96
48.50, 50.48, -3.46, -9.96
47.50, 47.12, -3.48, -9.96
43.50, 43.59, -3.52, -9.97
36.50, 39.18, -3.68, -9.96
33.50, 35.00, -3.78, -9.96
26.50, 30.05, -3.98, -9.96
22.50, 25.18, -4.14, -9.96
20.50, 20.89, -4.20, -9.96
14.50, 16.14, -4.31, -8.71
10.50, 11.49, -4.40, -6.73
3.50, 6.20, -4.55, -3.92
0.50, 1.35, -4.63, -0.26
-6.50, -4.08, -4.78, 10.04
-13.50, -10.01, -4.97, 10.04
-20.50, -16.35, -5.20, 10.05
-23.50, -22.04, -5.31, 10.04
-26.50, -27.17, -5.33, 10.04
-37.50, -33.73, -5.54, 10.04
-38.50, -39.10, -5.55, 10.04
-42.50, -44.14, -5.52, 10.03
-51.50, -50.12, -5.61, 10.03
-55.50, -55.69, -5.63, 10.03
-55.50, -59.90, -5.46, 10.01
-69.50, -66.38, -5.61, 10.02
-67.50, -70.90, -5.48, 10.01
-69.50, -74.70, -5.25, 10.00
-75.50, -78.87, -5.10, 9.99
-83.50, -83.85, -5.08, 9.99
-82.50, -87.35, -4.85, 9.98
-91.50, -92.02, -4.81, 9.98
-92.50, -95.76, -4.64, 9.98
-99.50, -100.17, -4.59, 9.98
-102.50, -104.20, -4.49, 9.98
-103.50, -107.41, -4.29, 9.97
-107.50, -110.66, -4.12, 9.97
-109.50, -113.47, -3.90, 9.96
-123.50, -118.86, -4.07, 9.98
-121.50, -122.57, -4.00, 9.98
-116.50, -124.10, -3.63, 9.96
-113.50, -124.23, -3.11, 9.94
-106.50, -122.22, -2.34, 9.91
-99.50, -118.39, -1.39, 9.88
-98.50, -114.53, -0.55, 9.86
-95.50, -110.24, 0.26, 9.84
-85.50, -103.93, 1.25, 9.82
-79.50, -96.93, 2.22, 9.80
-71.50, -88.95, 3.22, 9.78
-68.50, -81.44, 4.02, 9.78
-60.50, -73.19, 4.82, 9.77
-55.50, -65.13, 5.49, 9.77
18.50, -40.44, 8.39, 9.67
-41.50, -34.24, 8.39, 9.72
-32.50, -27.37, 8.43, 8.91
-25.50, -20.45, 8.45, 6.84
-16.50, -13.03, 8.50, 4.22
-10.50, -5.92, 8.47, 1.13
-0.50, 1.86, 8.51, -10.13
7.50, 9.71, 8.54, -10.11
12.50, 16.89, 8.46, -10.09
21.50, 24.44, 8.42, -10.08
28.50, 31.82, 8.34, -10.06
32.50, 38.31, 8.14, -10.04
-16.50, 31.06, 6.03, -9.94
48.50, 39.85, 6.35, -9.96
52.50, 47.73, 6.53, -9.98
55.50, 54.56, 6.55, -9.98
66.50, 62.42, 6.72, -9.99
73.50, 70.20, 6.86, -10.00
76.50, 76.93, 6.84, -10.00
84.50, 83.94, 6.86, -10.00
86.50, 89.75, 6.71, -9.99
91.50, 95.25, 6.54, -9.99
96.50, 100.49, 6.34, -9.98
102.50, 105.76, 6.17, -9.97
102.50, 109.61, 5.82, -9.96
106.50, 113.23, 5.48, -9.95
110.50, 116.68, 5.15, -9.94
116.50, 120.50, 4.91, -9.94
116.50, 123.21, 4.54, -9.93
122.50, 126.44, 4.30, -9.93
123.50, 128.94, 3.98, -9.93
156.50, 138.66, 4.71, -9.97
154.50, 146.09, 5.07, -9.99
149.50, 150.74, 5.00, -9.99
148.50, 153.97, 4.74, -9.98
141.50, 154.49, 4.13, -9.95
135.50, 152.95, 3.29, -9.92
134.50, 150.89, 2.47, -9.89
128.50, 147.24, 1.51, -9.86
124.50, 142.76, 0.55, -9.84
116.50, 136.69, -0.53, -9.81
112.50, 130.30, -1.52, -9.79
106.50, 123.25, -2.49, -9.78
102.50, 116.20, -3.34, -9.77
98.50, 109.26, -4.05, -9.77
95.50, 102.75, -4.61, -9.78
91.50, 96.43, -5.06, -9.79
86.50, 90.10, -5.43, -9.80
84.50, 84.55, -5.63, -9.82
85.50, 80.46, -5.58, -9.85
80.50, 76.20, -5.53, -9.88
80.50, 73.03, -5.32, -9.90
73.50, 69.09, -5.22, -9.92
73.50, 66.20, -4.96, -9.95
72.50, 63.97, -4.63, -9.97
66.50, 61.08, -4.41, -9.98
65.50, 58.82, -4.13, -10.00
64.50, 57.10, -3.79, -10.02
62.50, 55.56, -3.46, -10.03
57.50, 53.43, -3.25, -10.03
55.50, 51.50, -3.03, -10.04
51.50, 49.23, -2.89, -10.04
49.50, 47.13, -2.74, -10.04
48.50, 45.41, -2.56, -10.04
43.50, 43.03, -2.49, -10.04
36.50, 39.57, -2.59, -10.03
33.50, 36.14, -2.68, -10.02
33.50, 33.48, -2.66, -10.02
30.50, 30.75, -2.65, -10.02
25.50, 27.47, -2.72, -10.01
18.50, 23.23, -2.92, -10.00
20.50, 20.35, -2.92, -10.00
13.50, 16.47, -3.05, -9.96
12.50, 13.19, -3.09, -8.59
18.50, 12.15, -2.81, -8.40
-21.50, 1.80, -3.86, -1.14
-21.50, -6.83, -4.57, 10.07
3.50, -7.78, -4.13, 10.04
4.50, -7.91, -3.60, 10.01
-0.50, -8.82, -3.23, 9.99
3.50, -8.24, -2.69, 9.97
7.50, -6.41, -2.03, 9.94
8.50, -4.27, -1.39, 7.91
14.50, -0.69, -0.61, 3.17
15.50, 2.85, 0.07, -5.52
18.50, 6.77, 0.72, -9.10
18.50, 10.24, 1.23, -10.14
25.50, 14.96, 1.85, -10.15
20.50, 17.76, 2.12, -10.14
24.50, 21.07, 2.41, -10.13
23.50, 23.54, 2.55, -10.12
20.50, 24.76, 2.47, -10.10
17.50, 24.89, 2.23, -10.07
15.50, 24.30, 1.91, -10.05
9.50, 22.14, 1.38, -10.01
10.50, 20.34, 0.95, -9.99
10.50, 18.64, 0.57, -9.98
4.50, 15.61, 0.04, -9.95
-1.50, 11.43, -0.59, -9.93
1.50, 8.53, -0.98, -8.21
-6.50, 4.09, -1.53, -4.86
-5.50, 0.55, -1.90, -0.70
-9.50, -3.39, -2.27, 8.41
-16.50, -8.35, -2.74, 10.11
-14.50, -11.97, -2.96, 10.10
-16.50, -15.35, -3.12, 10.09
-19.50, -18.76, -3.25, 10.09
-17.50, -20.93, -3.18, 10.07
-17.50, -22.52, -3.02, 10.05
-17.50, -23.59, -2.79, 10.03
-20.50, -24.96, -2.63, 10.02
-13.50, -24.14, -2.16, 10.00
-12.50, -22.93, -1.69, 9.97
-9.50, -20.90, -1.14, 9.95
-3.50, -17.49, -0.46, 9.93
-3.50, -14.39, 0.11, 9.91
0.50, -10.63, 0.70, 9.52
4.50, -6.36, 1.30, 6.61
3.50, -2.92, 1.70, 3.72
9.50, 1.45, 2.19, -6.42
10.50, 5.36, 2.55, -10.12
11.50, 8.83, 2.79, -10.12
16.50, 12.86, 3.07, -10.11
14.50, 15.62, 3.13, -10.10
15.50, 17.99, 3.12, -10.08
12.50, 19.03, 2.90, -10.06
12.50, 19.65, 2.64, -10.04
12.50, 19.91, 2.34, -10.02
9.50, 19.14, 1.93, -10.00
7.50, 17.74, 1.46, -9.98
3.50, 15.35, 0.90, -9.95
1.50, 12.62, 0.34, -9.93
0.50, 9.89, -0.15, -9.72
-3.50, 6.47, -0.68, -7.28
-9.50, 2.01, -1.30, -3.17
-13.50, -2.80, -1.89, 7.47
-13.50, -6.89, -2.31, 10.12
-18.50, -11.53, -2.75, 10.13
-18.50, -15.36, -3.02, 10.12
-23.50, -19.67, -3.31, 10.12
-26.50, -23.89, -3.54, 10.11
-29.50, -27.98, -3.72, 10.10
-34.50, -32.43, -3.92, 10.10
-33.50, -35.68, -3.92, 10.08
-36.50, -38.87, -3.89, 10.07
-39.50, -41.99, -3.85, 10.06
-21.50, -39.90, -3.07, 10.01
-46.50, -43.84, -3.20, 10.02
-17.50, -39.81, -2.20, 9.97
-21.50, -36.98, -1.47, 9.94
-51.50, -41.62, -1.85, 9.96
-54.50, -46.16, -2.20, 9.99
-56.50, -50.34, -2.46, 10.00
-58.50, -54.20, -2.66, 10.01
-59.50, -57.50, -2.76, 10.01
-61.50, -60.57, -2.81, 10.01
-61.50, -62.92, -2.76, 10.01
-65.50, -65.64, -2.76, 10.01
-68.50, -68.43, -2.77, 10.01
-69.50, -70.79, -2.72, 10.00
-68.50, -72.29, -2.55, 10.00
-70.50, -73.78, -2.40, 9.99
-68.50, -74.30, -2.13, 9.98
-66.50, -73.99, -1.76, 9.96
-71.50, -74.70, -1.58, 9.96
-71.50, -75.09, -1.38, 9.96
-73.50, -75.73, -1.24, 9.96
-69.50, -75.12, -0.94, 9.95
-69.50, -74.44, -0.66, 9.94
-70.50, -73.95, -0.45, 9.94
-65.50, -72.20, -0.09, 9.93
-65.50, -70.60, 0.21, 9.93
-65.50, -69.16, 0.45, 9.93
-67.50, -68.39, 0.56, 9.93
-65.50, -67.23, 0.71, 9.94
-66.50, -66.50, 0.77, 9.94
-65.50, -65.65, 0.83, 9.95
-60.50, -63.74, 1.03, 9.95
-60.50, -62.15, 1.16, 9.95
-57.50, -60.11, 1.33, 9.95
-57.50, -58.45, 1.43, 9.95
-56.50, -56.87, 1.49, 9.96
-52.50, -54.66, 1.64, 9.95
-54.50, -53.37, 1.63, 9.96
-50.50, -51.42, 1.71, 9.96
-50.50, -49.89, 1.72, 9.97
-47.50, -48.00, 1.77, 9.97
12.50, -31.84, 3.81, 9.88
-15.50, -24.92, 4.36, 9.87
19.50, -10.70, 5.86, 5.10
-18.50, -8.12, 5.57, 4.12
-28.50, -8.84, 4.82, 5.10
-25.50, -9.25, 4.17, 5.85
-24.50, -9.82, 3.54, 6.67
-23.50, -10.49, 2.96, 7.52
-19.50, -10.47, 2.52, 7.90
-15.50, -9.81, 2.23, 7.85
-15.50, -9.54, 1.91, 8.01
-9.50, -8.11, 1.79, 7.36
-2.50, -5.41, 1.87, 5.64
-0.50, -2.81, 1.93, 3.58
3.50, 0.18, 2.05, -4.00
6.50, 3.27, 2.17, -8.08
9.50, 6.43, 2.30, -9.99
11.50, 9.40, 2.39, -10.00
19.50, 13.68, 2.65, -10.01
23.50, 18.09, 2.91, -10.02
28.50, 22.85, 3.19, -10.03
28.50, 26.65, 3.31, -10.03
33.50, 30.84, 3.46, -10.04
-19.50, 21.15, 1.65, -9.95
-16.50, 13.16, 0.25, -9.89
-17.50, 5.80, -0.92, -6.57
11.50, 6.44, -0.84, -7.08
50.50, 16.54, 0.57, -9.96
55.50, 26.50, 1.85, -10.03
55.50, 35.00, 2.81, -10.07
57.50, 42.65, 3.55, -10.09
65.50, 50.96, 4.30, -10.11
64.50, 57.56, 4.73, -10.12
68.50, 63.85, 5.06, -10.12
72.50, 69.83, 5.29, -10.11
73.50, 74.77, 5.34, -10.10
75.50, 79.02, 5.28, -10.08
78.50, 82.91, 5.16, -10.06
80.50, 86.24, 4.96, -10.04
81.50, 88.84, 4.67, -10.02
83.50, 91.07, 4.35, -10.00
85.50, 93.00, 4.01, -9.99
84.50, 93.94, 3.57, -9.97
88.50, 95.30, 3.23, -9.96
88.50, 96.06, 2.85, -9.95
89.50, 96.59, 2.47, -9.94
91.50, 97.19, 2.15, -9.93
92.50, 97.64, 1.85, -9.93
92.50, 97.75, 1.54, -9.92
94.50, 98.08, 1.30, -9.92
94.50, 98.16, 1.05, -9.92
95.50, 98.27, 0.85, -9.92
95.50, 98.21, 0.65, -9.93
97.50, 98.50, 0.53, -9.93
92.50, 97.40, 0.24, -9.93
93.50, 96.60, 0.03, -9.93
94.50, 96.08, -0.12, -9.93
96.50, 96.07, -0.16, -9.94
93.50, 95.29, -0.31, -9.94
96.50, 95.34, -0.31, -9.95
91.50, 94.14, -0.48, -9.95
93.50, 93.60, -0.54, -9.95
91.50, 92.67, -0.64, -9.96
89.50, 91.39, -0.76, -9.96
87.50, 89.85, -0.91, -9.96
85.50, 88.08, -1.08, -9.95
85.50, 86.62, -1.17, -9.96
84.50, 85.20, -1.25, -9.96
78.50, 82.60, -1.47, -9.96
78.50, 80.47, -1.61, -9.96
80.50, 79.25, -1.59, -9.96
76.50, 77.36, -1.67, -9.96
74.50, 75.38, -1.75, -9.97
71.50, 73.10, -1.85, -9.97
70.50, 71.05, -1.91, -9.97
63.50, 67.75, -2.14, -9.96
65.50, 65.57, -2.18, -9.97
59.50, 62.43, -2.34, -9.96
55.50, 58.95, -2.54, -9.96
56.50, 56.42, -2.57, -9.96
50.50, 53.01, -2.72, -9.96
11.50, 40.78, -4.09, -9.90
14.50, 31.22, -4.95, -9.88
19.50, 24.57, -5.30, -9.88
35.50, 23.20, -4.86, -9.92
36.50, 22.75, -4.32, -9.95
32.50, 21.85, -3.88, -9.98
26.50, 20.05, -3.61, -10.00
25.50, 18.66, -3.30, -10.01
18.50, 16.13, -3.18, -9.73
14.50, 13.33, -3.11, -8.66
6.50, 9.32, -3.22, -6.70
6.50, 6.20, -3.20, -5.00
-0.50, 2.14, -3.31, -1.88
-6.50, -2.47, -3.49, 9.05
-5.50, -5.85, -3.48, 10.00
-10.50, -9.62, -3.53, 10.01
-20.50, -14.95, -3.78, 10.02
-24.50, -20.15, -4.00, 10.03
-32.50, -26.20, -4.31, 10.04
-37.50, -32.24, -4.59, 10.04
10.50, -25.26, -3.01, 9.96
-44.50, -32.22, -3.53, 9.99
-19.50, -31.77, -2.96, 9.97
-55.50, -39.80, -3.64, 10.00
-56.50, -46.64, -4.09, 10.02
-61.50, -53.38, -4.49, 10.04
-68.50, -60.48, -4.89, 10.05
-70.50, -66.65, -5.12, 10.06
-71.50, -71.72, -5.16, 10.05
-78.50, -77.30, -5.27, 10.05
-79.50, -81.84, -5.21, 10.04
-82.50, -85.95, -5.09, 10.03
-85.50, -89.69, -4.93, 10.01
-90.50, -93.62, -4.80, 10.01
-92.50, -96.97, -4.60, 10.00
-93.50, -99.60, -4.32, 9.98
-97.50, -102.34, -4.09, 9.98
-102.50, -105.46, -3.93, 9.97
-103.50, -107.94, -3.70, 9.96
-106.50, -110.37, -3.49, 9.96
-108.50, -112.53, -3.26, 9.96
-109.50, -114.24, -3.01, 9.95
-112.50, -116.06, -2.79, 9.95
-115.50, -118.01, -2.63, 9.95
-117.50, -119.85, -2.47, 9.95
-117.50, -121.12, -2.25, 9.94
-120.50, -122.65, -2.10, 9.95
-120.50, -123.68, -1.90, 9.94
-122.50, -124.81, -1.74, 9.94
-122.50, -125.53, -1.55, 9.94
-125.50, -126.67, -1.44, 9.95
-125.50, -127.45, -1.29, 9.95
-126.50, -128.18, -1.17, 9.95
-129.50, -129.36, -1.12, 9.96
-127.50, -129.74, -0.98, 9.95
-130.50, -130.64, -0.92, 9.96
-127.50, -130.56, -0.74, 9.96
-122.50, -129.13, -0.40, 9.95
-121.50, -127.55, -0.07, 9.94
-115.50, -124.63, 0.40, 9.93
-110.50, -120.84, 0.95, 9.91
-111.50, -117.81, 1.32, 9.91
-99.50, -112.29, 2.00, 9.89
-97.50, -107.12, 2.54, 9.88
-85.50, -99.87, 3.32, 9.86
-78.50, -92.08, 4.07, 9.85
-68.50, -83.17, 4.89, 9.83
-56.50, -72.89, 5.81, 9.81
-45.50, -61.73, 6.73, 9.80
12.50, -38.40, 9.25, 9.71
-18.50, -26.44, 9.90, 7.52
-18.50, -16.91, 10.11, 4.48
-14.50, -8.59, 10.09, 1.40
7.50, 3.04, 10.50, -10.20
14.50, 13.86, 10.73, -10.18
23.50, 24.39, 10.87, -10.16
36.50, 35.63, 11.07, -10.15
-20.50, 30.31, 8.91, -10.02
50.50, 41.99, 9.32, -10.04
59.50, 53.33, 9.64, -10.05
71.50, 65.08, 9.98, -10.06
82.50, 76.91, 10.29, -10.06
89.50, 87.79, 10.44, -10.06
97.50, 98.07, 10.47, -10.05
162.50, 121.77, 12.37, -10.14
158.50, 140.15, 13.34, -10.16
145.50, 151.60, 13.23, -10.13
140.50, 158.92, 12.52, -10.08
133.50, 162.19, 11.30, -10.01
122.50, 161.01, 9.56, -9.93