-97.50, -14.46, -7.73, 12.05
-98.50, -43.19, -20.81, 14.49
-93.50, -78.09, -31.02, 15.22
-94.50, -102.66, -32.30, 13.97
-91.50, -111.68, -25.86, 11.75
-83.50, -107.48, -15.01, 9.40
-78.50, -97.41, -4.21, 0.13
-76.50, -86.77, 3.80, -13.03
-67.50, -73.42, 10.21, -13.30
-63.50, -62.68, 13.03, -12.89
-61.50, -55.92, 12.67, -12.06
-56.50, -50.52, 11.23, -11.28
17.50, -6.02, 26.26, -13.42
16.50, 18.78, 28.34, -12.86
7.50, 24.69, 21.13, -10.91
-45.50, -7.08, -0.47, 4.89
-12.50, -11.03, -4.22, 12.75
17.50, 3.22, 1.41, 0.32
18.50, 12.47, 3.86, -7.14
16.50, 16.34, 3.55, -6.99
-49.50, -20.54, -13.78, 13.11
17.50, -4.83, -3.79, 10.64
-52.50, -34.28, -15.12, 12.34
-51.50, -51.11, -17.69, 12.14
-52.50, -59.77, -15.57, 11.22
-55.50, -64.05, -11.77, 10.27
-54.50, -63.48, -6.78, 9.27
-52.50, -59.80, -1.88, 0.13
-51.50, -55.49, 1.73, -11.52
-52.50, -52.71, 3.38, -11.39
-49.50, -49.14, 4.56, -11.22
-47.50, -46.02, 4.91, -10.95
-50.50, -46.37, 3.44, -10.23
-49.50, -46.66, 2.23, -7.30
-56.50, -51.42, -0.61, 1.40
-56.50, -54.71, -2.03, 8.67
-58.50, -57.87, -2.90, 9.85
-60.50, -60.72, -3.29, 9.99
-64.50, -64.39, -3.80, 10.41
-62.50, -64.96, -2.76, 7.99
-58.50, -62.39, -0.61, 0.17
-61.50, -62.07, -0.02, -0.88
-61.50, -61.69, 0.38, -1.12
-58.50, -59.61, 1.31, -6.88
-57.50, -57.76, 1.82, -7.65
-56.50, -56.19, 1.99, -7.60
-59.50, -57.22, 0.94, -0.93
-59.50, -58.15, 0.18, -0.11
-59.50, -58.88, -0.28, 0.80
-59.50, -59.39, -0.50, 0.92
-58.50, -59.11, -0.28, 0.63
-62.50, -61.22, -1.11, 5.67
-60.50, -61.30, -0.83, 0.99
-61.50, -61.78, -0.75, 0.88
-62.50, -62.53, -0.79, 0.89
-67.50, -65.76, -1.86, 7.08
-64.50, -65.85, -1.28, 5.35
-64.50, -65.61, -0.69, 0.64
-66.50, -66.40, -0.69, 0.66
-65.50, -66.16, -0.26, 0.22
-64.50, -65.28, 0.30, -0.84
-66.50, -65.83, 0.07, -0.47
-65.50, -65.59, 0.21, -0.60
-62.50, -63.69, 0.99, -1.24
-62.50, -62.54, 1.21, -5.79
-59.50, -60.23, 1.81, -7.09
-59.50, -59.00, 1.75, -6.65
-63.50, -60.85, 0.35, -0.28
-65.50, -63.43, -0.97, 1.44
-67.50, -66.27, -2.00, 8.11
-69.50, -69.07, -2.64, 9.00
-64.50, -67.60, -1.22, 5.22
-69.50, -69.23, -1.44, 5.73
-72.50, -71.75, -1.95, 6.90
-72.50, -73.03, -1.78, 6.32
-72.50, -73.48, -1.28, 4.93
-66.50, -69.95, 0.77, -1.46
-69.50, -69.29, 1.01, -6.04
-68.50, -68.35, 1.22, -6.22
-69.50, -68.45, 0.86, -1.07
-68.50, -68.09, 0.75, -0.92
-68.50, -68.00, 0.54, -0.70
-67.50, -67.48, 0.55, -0.70
-67.50, -67.26, 0.42, -0.56
-68.50, -67.81, 0.01, 0.34
-67.50, -67.64, 0.02, 0.25
-67.50, -67.56, 0.00, 0.24
-68.50, -68.12, -0.27, 0.63
-68.50, -68.47, -0.36, 0.69
-69.50, -69.23, -0.59, 0.86
-69.50, -69.65, -0.59, 0.81
-67.50, -68.66, 0.03, -0.33
-69.50, -69.13, -0.14, 0.30
-69.50, -69.40, -0.19, 0.38
-67.50, -68.37, 0.33, -0.69
-70.50, -69.46, -0.20, 0.46
-65.50, -67.24, 0.80, -1.08
-68.50, -67.61, 0.42, -0.68
-70.50, -69.10, -0.35, 0.73
-70.50, -70.08, -0.69, 0.98
-67.50, -68.89, 0.00, -0.18
-70.50, -69.82, -0.37, 0.64
-68.50, -69.22, 0.01, -0.21
-69.50, -69.37, -0.04, 0.13
-67.50, -68.30, 0.44, -0.78
-67.50, -67.63, 0.61, -0.88
-69.50, -68.44, 0.08, -0.20
-70.50, -69.61, -0.46, 0.81
-71.50, -70.92, -0.90, 1.12
-66.50, -68.76, 0.28, -0.66
-65.50, -66.73, 1.08, -5.65
-66.50, -66.10, 1.04, -5.28
-69.50, -67.61, 0.08, -0.03
-69.50, -68.69, -0.46, 0.87
-67.50, -68.22, -0.17, 0.48
-72.50, -70.79, -1.22, 5.98
-70.50, -71.18, -1.03, 5.18
-68.50, -70.08, -0.23, 0.33
-72.50, -71.57, -0.73, 0.86
-71.50, -71.85, -0.58, 0.71
-72.50, -72.47, -0.61, 0.73
-68.50, -70.42, 0.50, -0.98
-70.50, -70.22, 0.51, -0.90
-66.50, -67.82, 1.41, -6.49
-68.50, -67.57, 1.11, -5.37
-65.50, -65.88, 1.46, -6.14
-69.50, -67.34, 0.35, -0.37
-70.50, -69.05, -0.58, 1.08
-72.50, -71.34, -1.46, 6.84
-69.50, -70.94, -0.91, 1.09
-71.50, -71.68, -0.94, 1.05
-73.50, -73.15, -1.24, 5.59
-67.50, -70.41, 0.34, -0.88
-72.50, -71.44, -0.10, 0.13
-71.50, -71.51, -0.05, -0.11
-69.50, -70.35, 0.50, -0.88
-74.50, -72.53, -0.53, 0.81
-69.50, -71.01, 0.27, -0.64
-69.50, -70.00, 0.64, -0.94
-69.50, -69.42, 0.71, -0.94
-66.50, -67.40, 1.34, -6.02
-70.50, -68.61, 0.40, -0.51
-68.50, -68.38, 0.31, -0.42
-71.50, -70.08, -0.56, 1.00
-68.50, -69.43, -0.19, 0.53
-72.50, -71.31, -0.95, 1.19
-67.50, -69.53, 0.07, -0.35
-73.50, -71.80, -0.89, 1.08
-67.50, -69.70, 0.27, -0.68
-70.50, -70.03, 0.10, -0.39
-69.50, -69.67, 0.24, -0.56
-69.50, -69.46, 0.27, -0.57
-68.50, -68.78, 0.48, -0.76
-71.50, -70.15, -0.25, 0.60
-69.50, -69.89, -0.09, 0.34
-68.50, -69.12, 0.25, -0.53
-70.50, -69.81, -0.11, 0.39
-69.50, -69.68, -0.04, 0.22
-69.50, -69.60, 0.01, -0.05
-72.50, -71.28, -0.71, 0.98
-69.50, -70.57, -0.20, 0.41
-67.50, -68.87, 0.60, -0.94
-67.50, -67.80, 0.90, -1.12
-68.50, -67.80, 0.63, -0.83
-72.50, -70.26, -0.62, 1.02
-68.50, -69.53, -0.18, 0.49
-70.50, -70.18, -0.41, 0.72
-71.50, -71.13, -0.70, 0.94
-72.50, -72.24, -0.95, 1.08
-69.50, -71.07, -0.15, 0.21
-68.50, -69.63, 0.56, -0.97
-71.50, -70.45, 0.10, -0.38
-69.50, -69.85, 0.34, -0.66
-72.50, -71.24, -0.34, 0.66
-69.50, -70.38, 0.12, -0.38
-72.50, -71.56, -0.41, 0.71
-70.50, -71.13, -0.11, 0.29
-72.50, -71.97, -0.42, 0.68
-73.50, -73.04, -0.73, 0.94
-69.50, -71.31, 0.24, -0.65
-69.50, -70.14, 0.71, -1.03
-72.50, -71.18, 0.08, -0.27
-72.50, -71.91, -0.26, 0.57
-68.50, -70.05, 0.60, -0.89
-70.50, -70.04, 0.43, -0.69
-71.50, -70.70, 0.01, 0.19
-70.50, -70.59, 0.02, 0.00
-66.50, -68.20, 1.00, -5.22
-69.50, -68.51, 0.56, -0.74
-67.50, -67.68, 0.70, -0.84
-69.50, -68.43, 0.13, -0.15
-73.50, -71.34, -1.20, 6.21
-67.50, -69.66, -0.19, 0.46
-72.50, -71.40, -0.87, 1.08
-72.50, -72.43, -1.04, 5.20
-69.50, -71.19, -0.17, 0.24
-71.50, -71.43, -0.16, 0.26
-70.50, -70.95, 0.14, -0.53
-71.50, -71.19, 0.04, -0.31
-65.50, -67.86, 1.46, -6.69
-71.50, -69.31, 0.44, -0.65
-66.50, -67.48, 1.05, -5.19
-71.50, -69.36, -0.09, 0.53
-67.50, -68.34, 0.30, -0.47
-67.50, -67.73, 0.42, -0.61
-72.50, -70.32, -0.84, 1.19
-70.50, -70.82, -0.85, 1.10
-69.50, -70.44, -0.45, 0.69
-71.50, -71.25, -0.64, 0.83
-70.50, -71.09, -0.35, 0.52
-73.50, -72.64, -0.85, 0.98
-73.50, -73.51, -0.93, 0.99
-70.50, -72.16, -0.02, -0.38
-70.50, -71.19, 0.48, -0.92
-68.50, -69.39, 1.15, -5.93
-67.50, -67.76, 1.53, -6.62
-66.50, -66.34, 1.66, -6.66
-71.50, -68.61, 0.15, -0.04
-73.50, -71.41, -1.18, 6.36
-74.50, -73.76, -1.91, 7.76
-70.50, -72.74, -0.94, 1.04
-73.50, -73.59, -0.98, 1.02
-70.50, -72.22, -0.04, -0.36
-76.50, -74.71, -0.99, 1.05
-75.50, -75.60, -1.02, 4.85
-70.50, -73.07, 0.43, -0.97
-71.50, -71.94, 0.88, -1.24
-72.50, -71.85, 0.71, -1.00
-71.50, -71.32, 0.74, -0.96
-73.50, -72.26, 0.11, -0.21
-70.50, -71.20, 0.49, -0.71
-74.50, -72.90, -0.41, 0.81
-72.50, -72.86, -0.31, 0.65
-72.50, -72.80, -0.21, 0.49
-71.50, -72.14, 0.13, -0.40
-72.50, -72.29, 0.04, -0.19
-70.50, -71.23, 0.47, -0.77
-66.50, -68.27, 1.58, -6.77
-68.50, -67.69, 1.35, -5.87
-69.50, -68.15, 0.69, -0.73
-72.50, -70.39, -0.55, 1.08
-73.50, -72.47, -1.36, 6.63
-71.50, -72.54, -1.04, 5.39
-70.50, -71.82, -0.43, 0.62
-72.50, -72.40, -0.50, 0.68
-70.50, -71.51, 0.07, -0.45
-69.50, -70.30, 0.61, -0.98
-69.50, -69.55, 0.78, -1.05
-68.50, -68.58, 0.97, -1.12
-68.50, -68.10, 0.86, -0.98
-69.50, -68.54, 0.38, -0.50
-66.50, -67.20, 0.77, -0.87
-70.50, -68.79, -0.19, 0.67
-70.50, -69.89, -0.67, 1.06
-70.50, -70.56, -0.81, 1.08
-70.50, -70.89, -0.72, 0.94
-71.50, -71.57, -0.78, 0.94
-71.50, -71.87, -0.64, 0.78
-71.50, -71.93, -0.42, 0.56
-71.50, -71.85, -0.20, 0.30
-70.50, -71.14, 0.22, -0.65
-71.50, -71.24, 0.16, -0.52
-72.50, -71.89, -0.13, 0.32
-68.50, -69.97, 0.74, -1.04
-67.50, -68.20, 1.29, -6.04
-70.50, -68.96, 0.58, -0.73
-69.50, -69.03, 0.33, -0.46
-68.50, -68.59, 0.36, -0.51
-69.50, -68.97, 0.03, 0.23
-72.50, -71.02, -0.89, 1.21
-68.50, -69.97, -0.23, 0.51
-69.50, -69.80, -0.09, 0.28
-68.50, -69.08, 0.25, -0.57
-69.50, -69.21, 0.13, -0.38
-62.50, -65.25, 1.76, -7.26
-61.50, -62.27, 2.50, -8.53
-57.50, -58.38, 3.35, -9.80
-49.50, -51.74, 5.04, -10.56
-47.50, -47.05, 5.33, -10.46
-38.50, -39.75, 6.53, -10.53
-32.50, -32.69, 7.17, -10.50
-27.50, -26.57, 7.12, -10.36
-27.50, -24.05, 5.46, -9.99
-22.50, -20.87, 4.49, -8.81
-19.50, -18.23, 3.58, -7.32
-16.50, -15.78, 2.89, -6.24
-19.50, -16.80, 0.99, 0.15
-19.50, -18.07, -0.39, 1.80
-17.50, -18.04, -0.71, 1.72
-20.50, -19.87, -1.59, 8.11
-23.50, -22.76, -2.55, 9.53
-21.50, -23.21, -2.09, 7.93
-22.50, -23.74, -1.69, 6.62
-26.50, -26.09, -2.10, 7.36
-24.50, -26.08, -1.37, 5.33
-19.50, -22.83, 0.57, -1.26
-18.50, -20.01, 1.76, -7.88
-19.50, -18.89, 1.82, -7.50
-17.50, -17.26, 1.99, -7.51
-19.50, -17.67, 1.18, -5.16
-16.50, -16.48, 1.23, -5.23
-19.50, -17.71, 0.24, -0.12
-20.50, -19.26, -0.62, 1.15
-23.50, -22.03, -1.71, 7.50
-22.50, -23.09, -1.71, 7.07
-21.50, -22.94, -1.13, 5.23
-22.50, -23.18, -0.83, 0.85
-19.50, -21.39, 0.26, -0.82
-18.50, -19.56, 1.05, -5.87
-17.50, -17.87, 1.52, -6.77
-19.50, -18.13, 0.98, -1.08
-18.50, -17.91, 0.74, -0.84
-18.50, -17.94, 0.44, -0.55
-17.50, -17.50, 0.42, -0.54
-21.50, -19.65, -0.68, 1.11
-20.50, -20.47, -0.89, 1.18
-24.50, -23.22, -1.82, 7.35
-21.50, -23.04, -1.20, 5.43
-21.50, -22.67, -0.62, 0.67
-17.50, -19.92, 0.82, -1.27
-20.50, -19.86, 0.69, -1.06
-24.50, -22.24, -0.47, 0.76
-20.50, -21.44, 0.00, -0.19
-18.50, -19.72, 0.75, -1.04
-17.50, -18.09, 1.23, -5.88
-14.50, -15.45, 1.97, -7.46
-9.50, -11.11, 3.17, -9.62
-8.50, -8.18, 3.37, -9.56
-6.50, -5.73, 3.24, -8.94
1.50, -0.12, 4.40, -10.35
4.50, 4.48, 4.76, -10.31
18.50, 14.69, 7.31, -10.65
20.50, 21.26, 7.51, -10.51
28.50, 28.72, 7.89, -10.44
32.50, 34.31, 7.27, -10.22
41.50, 41.58, 7.44, -10.19
42.50, 45.27, 6.01, -9.90
52.50, 51.97, 6.22, -9.96
54.50, 56.04, 5.29, -9.57
57.50, 59.06, 4.19, -7.88
58.50, 60.42, 2.75, -5.38
62.50, 62.68, 2.17, -4.61
59.50, 61.65, 0.47, 1.21
58.50, 59.89, -0.94, 2.10
59.50, 59.13, -1.40, 8.06
57.50, 57.47, -1.96, 8.61
57.50, 56.56, -1.92, 7.91
53.50, 53.90, -2.53, 8.75
54.50, 53.11, -2.09, 7.37
58.50, 55.33, -0.43, 0.32
59.50, 57.60, 0.81, -1.36
58.50, 58.53, 1.09, -6.01
59.50, 59.60, 1.29, -6.21
65.50, 63.62, 2.62, -8.94
63.50, 64.73, 2.29, -7.79
56.50, 60.95, -0.09, 0.82
59.50, 60.02, -0.62, 1.19
56.50, 57.66, -1.55, 7.19
57.50, 56.85, -1.51, 6.65
58.50, 57.13, -0.95, 1.03
57.50, 56.93, -0.70, 0.79
55.50, 55.80, -0.89, 0.94
55.50, 55.24, -0.79, 0.83
58.50, 56.80, 0.19, -0.72
56.50, 56.73, 0.20, -0.65
57.50, 57.28, 0.43, -0.83
59.50, 58.78, 0.97, -1.21
59.50, 59.64, 1.07, -5.37
57.50, 58.87, 0.41, -0.57
60.50, 59.99, 0.71, -0.84
58.50, 59.43, 0.21, -0.30
59.50, 59.55, 0.13, -0.20
58.50, 58.98, -0.20, 0.60
58.50, 58.60, -0.35, 0.72
57.50, 57.80, -0.61, 0.91
56.50, 56.76, -0.87, 1.07
56.50, 56.22, -0.83, 0.98
61.50, 58.92, 0.59, -1.03
58.50, 58.96, 0.49, -0.85
60.50, 60.09, 0.85, -1.09
59.50, 60.13, 0.62, -0.83
56.50, 58.29, -0.37, 0.78
56.50, 57.07, -0.82, 1.11
57.50, 56.95, -0.65, 0.89
61.50, 59.30, 0.55, -0.92
57.50, 58.51, 0.09, -0.32
56.50, 57.38, -0.41, 0.71
56.50, 56.68, -0.58, 0.84
58.50, 57.48, -0.06, 0.12
56.50, 56.89, -0.26, 0.48
56.50, 56.55, -0.30, 0.53
56.50, 56.39, -0.26, 0.46
52.50, 54.02, -1.15, 5.55
53.50, 53.20, -1.13, 5.29
49.50, 50.56, -1.85, 7.01
46.50, 47.38, -2.57, 8.32
39.50, 41.67, -4.10, 10.45
39.50, 38.60, -4.02, 10.26
29.50, 31.56, -5.54, 10.48
20.50, 22.71, -7.32, 10.65
18.50, 17.06, -7.12, 10.44
9.50, 9.59, -7.62, 10.41
1.50, 1.61, -8.09, 10.38
-2.50, -4.25, -7.45, 10.17
-8.50, -9.87, -6.81, 10.02
-8.50, -11.93, -4.82, 8.57
-10.50, -13.05, -3.02, 5.51
-12.50, -13.88, -1.68, 2.88
-12.50, -13.65, -0.39, -1.42
-11.50, -12.43, 0.81, -2.07
-11.50, -11.41, 1.44, -8.27
-7.50, -8.41, 2.57, -9.96
-5.50, -5.51, 3.21, -10.44
-10.50, -6.95, 1.70, -6.62
-6.50, -5.94, 1.54, -6.02
-8.50, -6.77, 0.62, -0.55
-11.50, -9.28, -0.76, 1.32
-9.50, -9.79, -0.88, 1.27
-15.50, -13.53, -2.27, 8.52
-11.50, -13.38, -1.56, 6.43
-15.50, -15.30, -1.86, 6.91
-14.50, -15.65, -1.36, 5.45
-11.50, -13.81, -0.05, -0.58
-10.50, -11.87, 0.93, -1.41
-9.50, -10.04, 1.55, -7.07
-11.50, -10.18, 1.09, -5.46
-12.50, -11.04, 0.39, -0.56
-11.50, -11.15, 0.18, -0.29
-10.50, -10.70, 0.26, -0.44
-10.50, -10.48, 0.24, -0.41
-11.50, -10.97, -0.08, 0.42
-10.50, -10.75, 0.00, 0.20
-11.50, -11.19, -0.21, 0.55
-12.50, -12.05, -0.53, 0.84
-9.50, -10.81, 0.14, -0.44
-10.50, -10.56, 0.22, -0.52
-7.50, -8.68, 0.95, -1.16
-13.50, -11.05, -0.33, 0.73
-11.50, -11.47, -0.45, 0.79
-11.50, -11.69, -0.42, 0.71
-11.50, -11.77, -0.33, 0.58
-9.50, -10.59, 0.28, -0.65
-11.50, -10.99, 0.06, -0.28
-9.50, -10.09, 0.43, -0.74
-12.50, -11.30, -0.20, 0.52
-11.50, -11.51, -0.24, 0.54
-12.50, -12.20, -0.46, 0.75
-11.50, -12.00, -0.24, 0.47
-9.50, -10.65, 0.42, -0.79
-10.50, -10.36, 0.44, -0.75
-11.50, -10.82, 0.12, -0.32
-9.50, -10.00, 0.42, -0.69
-8.50, -8.94, 0.73, -0.94
-12.50, -10.69, -0.24, 0.65
-12.50, -11.86, -0.71, 1.04
-12.50, -12.56, -0.82, 1.05
-12.50, -12.90, -0.72, 0.90
-12.50, -12.98, -0.51, 0.68
-10.50, -11.76, 0.21, -0.64
-10.50, -10.92, 0.55, -0.93
-11.50, -11.00, 0.39, -0.71
-13.50, -12.27, -0.26, 0.58
-12.50, -12.52, -0.30, 0.59
-11.50, -12.06, -0.01, 0.03
-11.50, -11.74, 0.14, -0.42
-10.50, -10.95, 0.44, -0.74
-10.50, -10.49, 0.51, -0.77
-8.50, -9.11, 0.93, -1.08
-8.50, -8.34, 0.95, -1.04
-11.50, -9.76, 0.02, 0.35
-11.50, -10.78, -0.48, 0.92
-12.50, -12.01, -0.92, 1.19
-14.50, -13.88, -1.46, 6.47
-22.50, -19.55, -3.41, 10.31
-24.50, -23.96, -4.21, 10.49
-29.50, -29.05, -4.97, 10.48
-28.50, -30.91, -4.04, 9.82
-38.50, -37.06, -5.09, 10.32
-43.50, -43.00, -5.70, 10.34
-47.50, -48.07, -5.70, 10.25
-49.50, -51.34, -4.87, 10.05
-48.50, -51.74, -3.02, 6.61
-50.50, -52.22, -1.74, 3.94
-49.50, -51.28, -0.28, -1.24
-48.50, -49.67, 0.95, -1.97
-44.50, -46.14, 2.51, -10.17
-49.50, -46.90, 1.68, -7.58
-47.50, -46.47, 1.45, -6.55
-44.50, -44.66, 1.79, -7.06
-44.50, -43.77, 1.59, -6.30
-43.50, -42.92, 1.39, -5.61
-46.50, -44.41, 0.23, -0.07
-48.50, -46.72, -0.96, 1.42
-52.50, -50.54, -2.40, 8.97
-47.50, -49.87, -1.47, 6.30
-50.50, -50.89, -1.42, 5.95
-52.50, -52.45, -1.58, 6.19
-48.50, -50.84, -0.33, 0.24
-45.50, -47.84, 1.17, -6.50
-47.50, -47.09, 1.26, -6.30
-50.50, -48.49, 0.34, -0.61
-45.50, -46.60, 1.03, -5.26
-46.50, -46.08, 0.92, -1.02
-48.50, -47.08, 0.18, -0.23
-46.50, -46.68, 0.23, -0.35
-48.50, -47.65, -0.30, 0.74
-46.50, -47.13, -0.05, 0.32
-50.50, -49.12, -0.90, 1.16
-52.50, -51.50, -1.66, 6.94
-50.50, -51.66, -1.22, 5.51
-50.50, -51.52, -0.74, 0.77
-47.50, -49.49, 0.43, -0.97
-50.50, -49.86, 0.24, -0.68
-48.50, -48.94, 0.61, -0.98
-48.50, -48.40, 0.70, -0.97
-45.50, -46.40, 1.34, -6.12
-50.50, -48.18, 0.17, -0.24
-49.50, -48.89, -0.24, 0.67
-45.50, -47.04, 0.56, -0.78
-45.50, -45.90, 0.85, -0.99
-46.50, -45.87, 0.57, -0.71
-45.50, -45.42, 0.54, -0.67
-45.50, -45.24, 0.39, -0.52
-47.50, -46.39, -0.28, 0.74
-49.50, -48.34, -1.08, 5.78
-47.50, -48.35, -0.80, 1.02
-48.50, -48.80, -0.75, 0.92
-47.50, -48.37, -0.31, 0.47
-46.50, -47.41, 0.24, -0.66
-46.50, -46.76, 0.49, -0.86
-46.50, -46.38, 0.54, -0.84
-43.50, -44.46, 1.19, -5.77
-43.50, -43.37, 1.29, -5.80
-47.50, -45.20, 0.09, 0.19
-44.50, -44.78, 0.16, -0.21
-46.50, -45.72, -0.35, 0.79
-45.50, -45.77, -0.32, 0.69
-43.50, -44.60, 0.24, -0.50
-45.50, -45.02, -0.02, 0.20
-44.50, -44.73, 0.10, -0.29
-47.50, -46.30, -0.60, 0.92
-43.50, -44.95, 0.13, -0.42
-46.50, -45.79, -0.25, 0.52
-45.50, -45.73, -0.15, 0.37
-44.50, -45.08, 0.18, -0.50
-45.50, -45.24, 0.08, -0.30
-47.50, -46.52, -0.48, 0.78
-46.50, -46.73, -0.43, 0.69
-46.50, -46.78, -0.31, 0.54
-46.50, -46.75, -0.18, 0.36
-44.50, -45.52, 0.42, -0.80
-46.50, -45.89, 0.17, -0.46
-42.50, -43.84, 0.99, -1.19
-40.50, -41.45, 1.71, -6.97
-40.50, -40.13, 1.73, -6.72
-35.50, -36.68, 2.60, -8.41
-34.50, -34.26, 2.74, -8.37
-28.50, -29.72, 3.68, -9.91
-26.50, -26.24, 3.84, -9.86
-18.50, -20.08, 5.03, -10.39
-19.50, -17.55, 4.28, -9.91
-12.50, -12.79, 4.61, -10.17
-9.50, -8.91, 4.44, -9.83
-4.50, -4.47, 4.52, -9.86
-2.50, -1.41, 3.97, -8.80
-0.50, 0.77, 3.20, -7.37
-0.50, 1.34, 1.97, -4.84
6.50, 5.10, 2.48, -6.41
8.50, 8.08, 2.58, -6.79
10.50, 10.55, 2.46, -6.64
14.50, 13.86, 2.75, -7.35
17.50, 17.12, 2.96, -7.79
18.50, 19.17, 2.59, -7.00
20.50, 21.02, 2.24, -6.29
20.50, 21.64, 1.49, -4.53
25.50, 24.47, 1.90, -5.84
26.50, 26.43, 1.87, -5.86
30.50, 29.57, 2.36, -7.04
30.50, 31.11, 2.04, -6.29
32.50, 32.77, 1.86, -5.88
34.50, 34.54, 1.79, -5.76
38.50, 37.58, 2.28, -6.96
35.50, 37.34, 1.25, -4.31
38.50, 38.51, 1.11, -4.08
39.50, 39.52, 0.97, -0.67
39.50, 39.89, 0.63, -0.43
42.50, 41.64, 0.99, -0.81
43.50, 43.13, 1.17, -4.82
44.50, 44.41, 1.21, -4.96
47.50, 46.72, 1.68, -6.18
44.50, 46.15, 0.79, -0.63
50.50, 48.99, 1.59, -5.96
47.50, 48.80, 0.89, -0.72
49.50, 49.57, 0.79, -0.67
52.50, 51.59, 1.26, -5.16
52.50, 52.65, 1.20, -4.95
52.50, 53.07, 0.88, -0.75
53.50, 53.68, 0.73, -0.65
52.50, 53.29, 0.21, -0.08
55.50, 54.64, 0.59, -0.63
56.50, 55.96, 0.88, -0.88
54.50, 55.48, 0.32, -0.35
55.50, 55.61, 0.18, -0.19
57.50, 56.77, 0.54, -0.66
57.50, 57.42, 0.58, -0.70
57.50, 57.71, 0.47, -0.59
62.50, 60.69, 1.52, -6.29
61.50, 61.83, 1.49, -6.01
61.50, 62.28, 1.14, -4.92
61.50, 62.31, 0.69, -0.64
62.50, 62.70, 0.52, -0.51
61.50, 62.21, 0.04, 0.45
63.50, 62.95, 0.24, -0.28
63.50, 63.35, 0.26, -0.36
65.50, 64.70, 0.68, -0.81
63.50, 64.30, 0.26, -0.35
67.50, 66.26, 0.94, -1.02
64.50, 65.65, 0.35, -0.45
67.50, 66.86, 0.69, -0.80
66.50, 66.95, 0.45, -0.57
66.50, 66.87, 0.22, -0.29
68.50, 67.90, 0.52, -0.67
66.50, 67.30, 0.06, 0.19
68.50, 68.01, 0.28, -0.44
67.50, 67.83, 0.07, -0.09
67.50, 67.66, -0.06, 0.38
71.50, 69.85, 0.85, -1.03
69.50, 70.03, 0.65, -0.81
70.50, 70.58, 0.65, -0.79
71.50, 71.39, 0.75, -0.85
68.50, 70.03, -0.11, 0.58
71.50, 70.82, 0.18, -0.30
73.50, 72.45, 0.77, -0.92
73.50, 73.39, 0.90, -0.99
73.50, 73.85, 0.77, -0.85
72.50, 73.39, 0.28, -0.35
70.50, 71.82, -0.55, 1.01
74.50, 73.11, 0.09, -0.19
75.50, 74.53, 0.63, -0.85
75.50, 75.37, 0.78, -0.93
77.50, 76.95, 1.17, -5.46
78.50, 78.37, 1.37, -5.83
74.50, 76.72, 0.19, -0.12
75.50, 76.07, -0.25, 0.77
75.50, 75.60, -0.46, 0.90
80.50, 78.23, 0.73, -0.94
78.50, 78.71, 0.70, -0.86
77.50, 78.31, 0.28, -0.42
79.50, 79.11, 0.48, -0.65
80.50, 80.13, 0.72, -0.85
79.50, 80.07, 0.43, -0.57
79.50, 79.92, 0.18, -0.25
80.50, 80.32, 0.23, -0.37
78.50, 79.35, -0.30, 0.72
80.50, 79.87, -0.04, 0.29
77.50, 78.47, -0.64, 0.96
83.50, 81.10, 0.64, -0.95
82.50, 82.21, 0.93, -1.11
79.50, 81.05, 0.16, -0.28
85.50, 83.70, 1.18, -5.61
79.50, 81.78, -0.01, 0.40
82.50, 82.18, 0.10, -0.13
80.50, 81.23, -0.38, 0.79
83.50, 82.37, 0.17, -0.39
85.50, 84.26, 0.90, -1.09
81.50, 83.06, 0.11, -0.20
83.50, 83.36, 0.16, -0.31
83.50, 83.50, 0.14, -0.29
83.50, 83.56, 0.09, -0.20
85.50, 84.72, 0.53, -0.76
85.50, 85.41, 0.64, -0.83
87.50, 86.90, 1.05, -5.15
82.50, 84.80, -0.19, 0.67
85.50, 85.10, -0.08, 0.45
85.50, 85.28, -0.03, 0.30
84.50, 84.81, -0.25, 0.60
87.50, 86.25, 0.41, -0.69
85.50, 86.00, 0.18, -0.39
86.50, 86.36, 0.26, -0.49
86.50, 86.56, 0.24, -0.46
83.50, 84.88, -0.56, 0.91
85.50, 84.98, -0.38, 0.68
87.50, 86.28, 0.28, -0.61
82.50, 84.21, -0.66, 0.94
88.50, 86.40, 0.46, -0.82
87.50, 87.26, 0.71, -0.98
86.50, 87.14, 0.45, -0.69
86.50, 86.96, 0.22, -0.41
88.50, 87.95, 0.54, -0.76
87.50, 87.92, 0.34, -0.53
89.50, 88.98, 0.65, -0.82
89.50, 89.57, 0.66, -0.81
87.50, 88.65, 0.03, 0.30
87.50, 87.98, -0.33, 0.75
88.50, 88.12, -0.22, 0.57
85.50, 86.49, -0.86, 1.12
88.50, 87.27, -0.29, 0.53
84.50, 85.53, -0.92, 1.08
84.50, 84.52, -1.05, 5.13
83.50, 83.47, -1.14, 5.24
79.50, 80.66, -1.91, 7.09
76.50, 77.40, -2.64, 8.42
75.50, 75.14, -2.69, 8.22
70.50, 71.27, -3.34, 9.27
69.50, 68.79, -3.18, 8.67
66.50, 66.09, -3.11, 8.34
64.50, 63.84, -2.83, 7.66
58.50, 59.55, -3.47, 8.88
55.50, 55.71, -3.73, 9.21
53.50, 52.84, -3.48, 8.59
51.50, 50.59, -3.00, 7.61
51.50, 49.87, -2.01, 5.48
47.50, 47.69, -1.94, 5.53
44.50, 45.06, -2.11, 6.12
44.50, 43.87, -1.66, 5.11
44.50, 43.57, -0.98, 0.49
40.50, 41.42, -1.30, 4.60
39.50, 39.78, -1.37, 4.91
37.50, 37.90, -1.53, 5.44
35.50, 35.86, -1.73, 5.96
36.50, 35.51, -1.16, 4.41
29.50, 31.54, -2.28, 7.32
32.50, 31.12, -1.60, 5.55
32.50, 31.26, -0.85, 0.56
29.50, 29.91, -0.95, 0.71
28.50, 28.71, -0.99, 0.78
29.50, 28.77, -0.50, 0.38
26.50, 27.26, -0.83, 0.75
24.50, 25.32, -1.27, 5.28
20.50, 21.97, -2.18, 7.44
24.50, 22.49, -1.19, 4.74
23.50, 22.59, -0.63, 0.48
19.50, 20.55, -1.13, 4.75
19.50, 19.47, -1.11, 4.69
19.50, 19.02, -0.83, 0.72
20.50, 19.55, -0.22, 0.07
19.50, 19.46, -0.06, -0.42
17.50, 18.32, -0.41, 0.50
18.50, 18.26, -0.24, 0.30
16.50, 17.15, -0.56, 0.70
11.50, 13.63, -1.82, 7.05
13.50, 12.74, -1.60, 6.24
15.50, 13.65, -0.64, 0.58
10.50, 11.57, -1.19, 5.10
12.50, 11.60, -0.71, 0.66
9.50, 10.09, -1.01, 4.56
11.50, 10.49, -0.43, 0.40
13.50, 12.08, 0.49, -1.06
7.50, 9.67, -0.56, 0.70
7.50, 8.17, -0.97, 1.03
10.50, 9.10, -0.23, 0.27
11.50, 10.41, 0.47, -0.94
10.50, 10.70, 0.52, -0.90
7.50, 9.08, -0.28, 0.56
9.50, 9.20, -0.14, 0.35
4.50, 6.41, -1.27, 5.97
6.50, 5.89, -1.10, 5.25
6.50, 5.76, -0.78, 0.84
4.50, 4.70, -0.92, 0.94
7.50, 5.93, -0.05, -0.38
8.50, 7.43, 0.69, -1.13
5.50, 6.64, 0.23, -0.59
4.50, 5.51, -0.29, 0.55
6.50, 5.96, 0.00, -0.17
2.50, 3.95, -0.83, 1.04
3.50, 3.32, -0.84, 0.99
8.50, 5.96, 0.56, -1.00
6.50, 6.54, 0.70, -1.03
4.50, 5.68, 0.15, -0.39
5.50, 5.64, 0.09, -0.27
3.50, 4.43, -0.46, 0.79
4.50, 4.26, -0.41, 0.69
3.50, 3.64, -0.55, 0.79
3.50, 3.31, -0.50, 0.71
1.50, 2.04, -0.86, 1.00
1.50, 1.35, -0.86, 0.95
1.50, 1.06, -0.67, 0.76
0.50, 0.45, -0.66, 0.74
3.50, 1.95, 0.24, -0.75
1.50, 1.82, 0.20, -0.62
2.50, 2.32, 0.40, -0.78
0.50, 1.45, -0.05, 0.20
1.50, 1.46, -0.03, 0.12
1.50, 1.47, 0.00, -0.07
0.50, 0.91, -0.23, 0.51
-2.50, -1.18, -1.04, 5.37
0.50, -0.67, -0.51, 0.70
-6.50, -4.28, -1.84, 7.18
-3.50, -4.65, -1.41, 5.82
-8.50, -7.50, -2.10, 7.35
-12.50, -11.33, -2.98, 8.95
-12.50, -13.31, -2.79, 8.24
-21.50, -19.28, -4.27, 10.38
-27.50, -25.92, -5.57, 10.49
-34.50, -33.34, -6.74, 10.55
-37.50, -38.69, -6.59, 10.38
-39.50, -42.00, -5.50, 10.10
-40.50, -43.45, -3.87, 8.00
-47.50, -47.39, -3.75, 7.98
-55.50, -53.64, -4.68, 9.80
-53.50, -55.52, -3.52, 7.70
-64.50, -62.18, -4.72, 10.02
-64.50, -65.52, -4.19, 9.03
-67.50, -68.42, -3.62, 8.02
-76.50, -74.61, -4.61, 9.92
-74.50, -76.49, -3.52, 7.88
-77.50, -78.53, -2.80, 6.57
-81.50, -81.38, -2.66, 6.51
-80.50, -81.94, -1.63, 4.28
-87.50, -85.80, -2.33, 6.36
-88.50, -88.32, -2.33, 6.49
-92.50, -91.71, -2.72, 7.40
-93.50, -93.89, -2.50, 6.93
-99.50, -98.19, -3.23, 8.46
-100.50, -100.91, -3.09, 8.07
-101.50, -102.56, -2.52, 6.85
-107.50, -106.47, -3.07, 8.03
-111.50, -110.69, -3.59, 8.98
-108.50, -110.94, -2.28, 6.17
-112.50, -112.77, -1.99, 5.66
-113.50, -114.00, -1.55, 4.73
-115.50, -115.49, -1.39, 4.50
-117.50, -117.20, -1.40, 4.75
-122.50, -120.85, -2.26, 6.99
-119.50, -121.02, -1.43, 4.88
-124.50, -123.62, -1.85, 6.08
-124.50, -124.91, -1.61, 5.49
-133.50, -130.57, -3.29, 9.16
-135.50, -134.87, -3.91, 10.02
-136.50, -137.51, -3.60, 9.15
-135.50, -137.88, -2.36, 6.48
-137.50, -138.63, -1.61, 4.78
-134.50, -136.86, -0.04, -1.11
-134.50, -135.42, 0.90, -1.67
-134.50, -134.42, 1.30, -7.03
-134.50, -133.84, 1.30, -6.54
-130.50, -131.29, 2.06, -7.96
-129.50, -129.32, 2.29, -8.05
-127.50, -127.24, 2.43, -8.00
-128.50, -126.91, 1.73, -6.14
-130.50, -128.26, 0.47, -0.26
-127.50, -127.66, 0.40, -0.27
-125.50, -126.26, 0.71, -0.66
-125.50, -125.53, 0.68, -0.66
-127.50, -126.40, 0.00, 0.54
-124.50, -125.32, 0.34, -0.42
-127.50, -126.46, -0.32, 0.81
-125.50, -126.06, -0.13, 0.51
-122.50, -124.06, 0.71, -0.91
-123.50, -123.42, 0.75, -0.90
-122.50, -122.56, 0.85, -0.95
-122.50, -122.16, 0.71, -0.81
-120.50, -120.89, 0.97, -0.99
-121.50, -120.83, 0.63, -0.69
-119.50, -119.79, 0.80, -0.83
-119.50, -119.29, 0.69, -0.74
-119.50, -119.12, 0.46, -0.53
-118.50, -118.57, 0.47, -0.55
-117.50, -117.76, 0.59, -0.69
-118.50, -117.94, 0.26, -0.33
-114.50, -115.84, 1.00, -1.04
-114.50, -114.63, 1.15, -5.23
-117.50, -115.80, 0.24, -0.22
-116.50, -116.12, -0.07, 0.55
-112.50, -114.07, 0.74, -0.86
-114.50, -114.00, 0.49, -0.62
-113.50, -113.51, 0.49, -0.62
-113.50, -113.30, 0.37, -0.49
-114.50, -113.85, -0.04, 0.43
-114.50, -114.26, -0.26, 0.68
-111.50, -112.79, 0.39, -0.64
-113.50, -113.03, 0.15, -0.31
-109.50, -110.92, 0.97, -1.11
-111.50, -110.82, 0.70, -0.84
-114.50, -112.66, -0.33, 0.80
-110.50, -111.57, 0.16, -0.31
-109.50, -110.30, 0.61, -0.82
-106.50, -107.82, 1.45, -6.27
-110.50, -108.74, 0.60, -0.68
-108.50, -108.35, 0.50, -0.59
-109.50, -108.81, 0.08, 0.18
-105.50, -106.87, 0.80, -0.91
-106.50, -106.31, 0.74, -0.83
-106.50, -106.10, 0.54, -0.64
-106.50, -106.11, 0.30, -0.39
-105.50, -105.64, 0.34, -0.46
-108.50, -107.17, -0.47, 0.93
-107.50, -107.59, -0.57, 0.93
-106.50, -107.22, -0.28, 0.58
-106.50, -106.93, -0.07, 0.25
-103.50, -104.97, 0.78, -1.06
-104.50, -104.34, 0.83, -1.02
-105.50, -104.64, 0.44, -0.63
-106.50, -105.54, -0.11, 0.50
-104.50, -105.00, 0.10, -0.22
-108.50, -107.00, -0.80, 1.11
-106.50, -107.08, -0.63, 0.89
-105.50, -106.44, -0.17, 0.35
-104.50, -105.38, 0.36, -0.73
-100.50, -102.37, 1.55, -6.82
-104.50, -102.91, 0.88, -0.99
-103.50, -102.87, 0.59, -0.72
-104.50, -103.57, 0.06, 0.24
-106.50, -105.27, -0.74, 1.13
-104.50, -105.17, -0.54, 0.87
-100.50, -102.70, 0.65, -0.95
-102.50, -102.29, 0.64, -0.88
-103.50, -102.71, 0.26, -0.46
-102.50, -102.48, 0.25, -0.44
-102.50, -102.39, 0.18, -0.35
-104.50, -103.54, -0.39, 0.78
-100.50, -101.96, 0.36, -0.64
-97.50, -99.21, 1.41, -6.31
-98.50, -98.16, 1.42, -6.07
-99.50, -98.32, 0.88, -0.88
-98.50, -98.05, 0.64, -0.67
-98.50, -98.05, 0.35, -0.39
-97.50, -97.60, 0.35, -0.42
-97.50, -97.41, 0.24, -0.32
-96.50, -96.79, 0.36, -0.50
-99.50, -98.22, -0.41, 0.86
-96.50, -97.42, -0.01, 0.25
-96.50, -96.90, 0.18, -0.40
-98.50, -97.75, -0.25, 0.60
-100.50, -99.47, -0.92, 1.16
-98.50, -99.33, -0.60, 0.82
-100.50, -100.27, -0.80, 0.95
-96.50, -98.43, 0.25, -0.70
-95.50, -96.60, 1.01, -5.57
-96.50, -96.07, 0.97, -1.15
-97.50, -96.47, 0.51, -0.70
-100.50, -98.59, -0.58, 0.98
-95.50, -97.07, 0.19, -0.42
-99.50, -98.40, -0.45, 0.79
-97.50, -98.08, -0.20, 0.47
-96.50, -97.25, 0.21, -0.52
-96.50, -96.72, 0.39, -0.69
-97.50, -97.00, 0.15, -0.37
-95.50, -96.06, 0.49, -0.75
-94.50, -94.94, 0.81, -0.99
-96.50, -95.49, 0.31, -0.47
-98.50, -97.11, -0.52, 0.93
-98.50, -98.17, -0.86, 1.13
-96.50, -97.59, -0.38, 0.64
-98.50, -98.29, -0.54, 0.77
-98.50, -98.65, -0.51, 0.72
-98.50, -98.79, -0.38, 0.57
-97.50, -98.20, 0.02, -0.35
-97.50, -97.77, 0.24, -0.63
-96.50, -96.91, 0.57, -0.90
-95.50, -95.83, 0.88, -1.09
-97.50, -96.41, 0.37, -0.58
-97.50, -96.89, 0.02, 0.20
-94.50, -95.50, 0.56, -0.78
-96.50, -95.83, 0.23, -0.39
-98.50, -97.29, -0.50, 0.89
-96.50, -97.07, -0.29, 0.62
-96.50, -96.87, -0.14, 0.38
-96.50, -96.72, -0.03, 0.14
-95.50, -96.02, 0.28, -0.59
-96.50, -96.17, 0.14, -0.38
-98.50, -97.46, -0.45, 0.78
-98.50, -98.27, -0.67, 0.92
-94.50, -96.38, 0.33, -0.71
-94.50, -95.13, 0.79, -1.07
-94.50, -94.40, 0.88, -1.06
-94.50, -94.07, 0.74, -0.90
-92.50, -92.83, 1.00, -4.96
-94.50, -93.36, 0.43, -0.53
-97.50, -95.60, -0.72, 1.16
-97.50, -97.05, -1.19, 6.04
-98.50, -98.44, -1.46, 6.44
-94.50, -96.80, -0.32, 0.44
-94.50, -95.59, 0.35, -0.81
-94.50, -94.78, 0.65, -1.00
-93.50, -93.74, 0.93, -1.15
-96.50, -94.92, 0.16, -0.32
-94.50, -94.61, 0.21, -0.41
-95.50, -95.04, -0.06, 0.35
-97.50, -96.50, -0.69, 1.01
-94.50, -95.66, -0.15, 0.37
-95.50, -95.63, -0.08, 0.25
-95.50, -95.59, -0.03, 0.11
-93.50, -94.38, 0.50, -0.82
-97.50, -95.97, -0.31, 0.63
-95.50, -95.84, -0.17, 0.43
-95.50, -95.72, -0.07, 0.23
-92.50, -93.87, 0.74, -1.02
-93.50, -93.32, 0.76, -0.98
-96.50, -94.83, -0.11, 0.48
-92.50, -93.54, 0.42, -0.66
-92.50, -92.75, 0.61, -0.81
-92.50, -92.34, 0.57, -0.75
-91.50, -91.61, 0.67, -0.81
-92.50, -91.84, 0.32, -0.45
-91.50, -91.51, 0.30, -0.44
-95.50, -93.71, -0.77, 1.15
-94.50, -94.53, -0.94, 1.18
-93.50, -94.36, -0.61, 0.84
-91.50, -92.97, 0.18, -0.57
-92.50, -92.60, 0.32, -0.68
-95.50, -94.14, -0.40, 0.69
-90.50, -92.20, 0.54, -0.88
-95.50, -93.87, -0.30, 0.62
-92.50, -93.21, 0.06, -0.27
-92.50, -92.77, 0.23, -0.53
-92.50, -92.51, 0.28, -0.56
-92.50, -92.38, 0.25, -0.49
-93.50, -92.92, -0.07, 0.34
-93.50, -93.30, -0.23, 0.54
-93.50, -93.52, -0.27, 0.56
-94.50, -94.21, -0.48, 0.76
-89.50, -91.69, 0.73, -1.05
-92.50, -91.82, 0.49, -0.76
-91.50, -91.42, 0.51, -0.75
-91.50, -91.24, 0.41, -0.62
-90.50, -90.63, 0.51, -0.71
-93.50, -92.08, -0.29, 0.71
-91.50, -91.88, -0.17, 0.51
-88.50, -90.00, 0.65, -0.90
-93.50, -91.74, -0.29, 0.67
-89.50, -90.58, 0.26, -0.51
-90.50, -90.42, 0.24, -0.47
-92.50, -91.53, -0.32, 0.68
-89.50, -90.50, 0.19, -0.44
-91.50, -91.00, -0.08, 0.34
-92.50, -91.91, -0.46, 0.77
-92.50, -92.46, -0.56, 0.82
-88.50, -90.41, 0.48, -0.85
-89.50, -89.65, 0.69, -0.97
-89.50, -89.25, 0.66, -0.89
-90.50, -89.68, 0.27, -0.45
-91.50, -90.63, -0.25, 0.64
-90.50, -90.68, -0.23, 0.57
-90.50, -90.68, -0.19, 0.48
-84.50, -87.17, 1.34, -6.28
-90.50, -88.50, 0.39, -0.58
-89.50, -88.91, 0.06, -0.02
-92.50, -90.99, -0.88, 1.19
-86.50, -88.78, 0.27, -0.58
-89.50, -89.08, 0.07, -0.25
-89.50, -89.29, -0.05, 0.25
-92.50, -91.18, -0.84, 1.09
-89.50, -90.58, -0.34, 0.58
-87.50, -88.94, 0.48, -0.85
-92.50, -90.79, -0.41, 0.70
-92.50, -91.97, -0.78, 0.99
-88.50, -90.30, 0.17, -0.56
-90.50, -90.33, 0.15, -0.48
-87.50, -88.61, 0.85, -1.12
-86.50, -86.99, 1.30, -6.03
-90.50, -88.45, 0.29, -0.41
-92.50, -90.69, -0.80, 1.18
-84.50, -87.47, 0.74, -0.97
-91.50, -89.48, -0.34, 0.73
-87.50, -88.49, 0.14, -0.36
-85.50, -86.69, 0.85, -1.05
-89.50, -87.94, 0.06, -0.05
-88.50, -88.25, -0.13, 0.48
-88.50, -88.46, -0.21, 0.55
-85.50, -86.84, 0.52, -0.80
-86.50, -86.41, 0.54, -0.78
-87.50, -86.81, 0.19, -0.36
-90.50, -88.88, -0.77, 1.10
-87.50, -88.43, -0.39, 0.69
-89.50, -89.23, -0.61, 0.86
-87.50, -88.50, -0.11, 0.23
-90.50, -89.70, -0.55, 0.78
-90.50, -90.41, -0.66, 0.84
-92.50, -91.91, -1.06, 5.18
-88.50, -90.40, -0.06, -0.26
-87.50, -88.72, 0.74, -1.14
-87.50, -87.66, 1.03, -5.51
-89.50, -88.26, 0.49, -0.73
-87.50, -87.60, 0.60, -0.80
-89.50, -88.44, 0.04, 0.18
-91.50, -90.22, -0.77, 1.11
-88.50, -89.57, -0.31, 0.60
-89.50, -89.67, -0.26, 0.52
-87.50, -88.52, 0.31, -0.66
-93.50, -91.27, -0.92, 1.14
-87.50, -89.49, 0.10, -0.44
-86.50, -87.70, 0.86, -1.14
-91.50, -89.51, -0.14, 0.43
-91.50, -90.73, -0.63, 0.92
-90.50, -90.88, -0.51, 0.77
-87.50, -89.14, 0.39, -0.77
-88.50, -88.58, 0.54, -0.86
-92.50, -90.61, -0.46, 0.80
-88.50, -89.60, 0.09, -0.33
-93.50, -91.83, -0.87, 1.10
-85.50, -88.54, 0.77, -1.10
-88.50, -88.16, 0.74, -0.99
-89.50, -88.61, 0.33, -0.56
-91.50, -90.15, -0.44, 0.83
-93.50, -92.31, -1.26, 6.09
-91.50, -92.41, -0.94, 1.07
-95.50, -94.62, -1.56, 6.46
-87.50, -91.17, 0.41, -0.96
-94.50, -92.90, -0.34, 0.48
-94.50, -93.97, -0.64, 0.78
-90.50, -92.22, 0.34, -0.81
-91.50, -91.63, 0.55, -0.93
-94.50, -93.04, -0.17, 0.42
-88.50, -90.48, 0.97, -1.20
-86.50, -87.72, 1.86, -7.36
-93.50, -90.25, 0.22, -0.26
-93.50, -92.06, -0.69, 1.13
-92.50, -92.65, -0.80, 1.12
-90.50, -91.77, -0.23, 0.49
-91.50, -91.71, -0.13, 0.33
-89.50, -90.48, 0.44, -0.78
-86.50, -87.96, 1.39, -6.36
-91.50, -89.39, 0.38, -0.54
-88.50, -88.72, 0.50, -0.67
-91.50, -90.12, -0.29, 0.73
-90.50, -90.49, -0.41, 0.79
-93.50, -92.43, -1.15, 5.79
-90.50, -91.83, -0.56, 0.77
-90.50, -91.30, -0.14, 0.25
-92.50, -92.05, -0.37, 0.58
-89.50, -90.73, 0.33, -0.74
-84.50, -86.94, 1.87, -7.65
-87.50, -86.41, 1.57, -6.52
-90.50, -88.09, 0.35, -0.40
-87.50, -87.61, 0.36, -0.45
-92.50, -90.31, -0.96, 1.34
-92.50, -92.04, -1.48, 6.73
-88.50, -90.66, -0.48, 0.69
-86.50, -88.45, 0.63, -1.02
-88.50, -88.18, 0.60, -0.91
-91.50, -89.84, -0.26, 0.59
-92.50, -91.51, -0.90, 1.13
-90.50, -91.33, -0.57, 0.78
-91.50, -91.68, -0.52, 0.71
-90.50, -91.21, -0.13, 0.21
-90.50, -90.84, 0.12, -0.48
-88.50, -89.42, 0.72, -1.05
-90.50, -89.71, 0.41, -0.70
-92.50, -91.15, -0.32, 0.67
-92.50, -92.08, -0.64, 0.93
-89.50, -90.87, 0.06, -0.32
-90.50, -90.62, 0.16, -0.47
-89.50, -89.89, 0.44, -0.75
-88.50, -88.88, 0.74, -0.97
-90.50, -89.49, 0.25, -0.45
-89.50, -89.39, 0.19, -0.36
-91.50, -90.54, -0.39, 0.77
-91.50, -91.28, -0.62, 0.93
-89.50, -90.53, -0.13, 0.33
-88.50, -89.40, 0.40, -0.74
-88.50, -88.69, 0.60, -0.88
-91.50, -90.06, -0.16, 0.49
-93.50, -92.14, -1.01, 5.43
-88.50, -90.48, -0.03, -0.05
-93.50, -92.24, -0.74, 0.95
-92.50, -92.72, -0.70, 0.87
-88.50, -90.57, 0.45, -0.89
-93.50, -92.06, -0.25, 0.48
-88.50, -90.10, 0.67, -1.01
-89.50, -89.44, 0.78, -1.02
-88.50, -88.54, 0.93, -1.08
-92.50, -90.43, -0.17, 0.60
-92.50, -91.73, -0.72, 1.07
-91.50, -91.93, -0.63, 0.91
-90.50, -91.38, -0.22, 0.43
-91.50, -91.54, -0.20, 0.40
-90.50, -91.02, 0.10, -0.42
-88.50, -89.50, 0.74, -1.03
-88.50, -88.58, 0.93, -1.11
-90.50, -89.28, 0.34, -0.53
-93.50, -91.59, -0.77, 1.13
-89.50, -90.74, -0.23, 0.53
-92.50, -91.87, -0.65, 0.92
-91.50, -91.95, -0.49, 0.72
-90.50, -91.32, -0.05, 0.07
-90.50, -90.86, 0.19, -0.55
-90.50, -90.56, 0.29, -0.63
-91.50, -90.97, 0.04, -0.22
-90.50, -90.68, 0.16, -0.41
-86.50, -88.18, 1.16, -5.75
-91.50, -89.58, 0.22, -0.38
-88.50, -88.86, 0.42, -0.61
-92.50, -90.80, -0.56, 0.96
-93.50, -92.64, -1.22, 6.02
-88.50, -90.79, -0.09, 0.20
-91.50, -91.24, -0.22, 0.43
-91.50, -91.48, -0.24, 0.44
-91.50, -91.59, -0.19, 0.37
-92.50, -92.20, -0.36, 0.59
-93.50, -93.11, -0.61, 0.82
-92.50, -93.02, -0.36, 0.55
-90.50, -91.71, 0.34, -0.76
-90.50, -90.84, 0.65, -0.99
-92.50, -91.50, 0.21, -0.47
-94.50, -93.15, -0.56, 0.88
-93.50, -93.61, -0.60, 0.86
-92.50, -93.23, -0.26, 0.47
-92.50, -92.92, -0.02, -0.17
-92.50, -92.67, 0.12, -0.43
-93.50, -93.09, -0.07, 0.23
-91.50, -92.20, 0.34, -0.67
-91.50, -91.63, 0.49, -0.78
-91.50, -91.33, 0.47, -0.72
-92.50, -91.80, 0.12, -0.25
-89.50, -90.42, 0.64, -0.85
-93.50, -91.93, -0.21, 0.61
-94.50, -93.53, -0.87, 1.16
-94.50, -94.49, -1.04, 5.37
-91.50, -93.22, -0.19, 0.32
-91.50, -92.29, 0.30, -0.71
-94.50, -93.43, -0.22, 0.45
-92.50, -92.99, 0.05, -0.31
-92.50, -92.68, 0.19, -0.50
-94.50, -93.65, -0.26, 0.55
-92.50, -93.10, 0.05, -0.27
-90.50, -91.56, 0.70, -0.98
-89.50, -90.05, 1.14, -5.60
-89.50, -89.22, 1.14, -5.38
-91.50, -90.04, 0.40, -0.50
-90.50, -90.15, 0.16, -0.20
-91.50, -90.88, -0.26, 0.72
-90.50, -90.79, -0.21, 0.59
-91.50, -91.31, -0.40, 0.75
-95.50, -93.93, -1.41, 6.43
-93.50, -94.32, -1.16, 5.46
-92.50, -93.77, -0.54, 0.64
-92.50, -93.26, -0.09, -0.02
-91.50, -92.26, 0.43, -0.88
-91.50, -91.60, 0.64, -0.99
-91.50, -91.25, 0.63, -0.91
-90.50, -90.53, 0.75, -0.95
-93.50, -91.92, -0.08, 0.44
-93.50, -92.89, -0.51, 0.88
-90.50, -91.74, 0.10, -0.31
-90.50, -90.97, 0.39, -0.67
-91.50, -91.11, 0.21, -0.44
-89.50, -90.08, 0.57, -0.81
-90.50, -90.07, 0.38, -0.59
-90.50, -90.16, 0.20, -0.36
-88.50, -89.11, 0.55, -0.75
-88.50, -88.52, 0.60, -0.78
-90.50, -89.41, 0.00, 0.32
-88.50, -88.89, 0.17, -0.31
-90.50, -89.76, -0.29, 0.68
-90.50, -90.33, -0.48, 0.82
-90.50, -90.65, -0.49, 0.78
-92.50, -91.95, -0.89, 1.07
-89.50, -90.92, -0.18, 0.30
-92.50, -91.91, -0.49, 0.69
-87.50, -89.56, 0.68, -1.07
-89.50, -89.20, 0.68, -0.98
-91.50, -90.23, 0.06, -0.18
-89.50, -89.78, 0.21, -0.46
-88.50, -88.94, 0.49, -0.75
-91.50, -90.21, -0.20, 0.57
-88.50, -89.32, 0.20, -0.44
-88.50, -88.75, 0.37, -0.62
-88.50, -88.44, 0.37, -0.61
-87.50, -87.73, 0.54, -0.75
-92.50, -90.27, -0.72, 1.09
-85.50, -87.83, 0.48, -0.76
-87.50, -87.43, 0.50, -0.75
-88.50, -87.83, 0.17, -0.33
-90.50, -89.32, -0.54, 0.91
-88.50, -89.10, -0.32, 0.63
-86.50, -87.73, 0.34, -0.67
-83.50, -85.11, 1.36, -6.27
-85.50, -84.72, 1.12, -5.35
-86.50, -85.26, 0.51, -0.62
-89.50, -87.51, -0.66, 1.12
-90.50, -89.57, -1.41, 6.63
-85.50, -87.85, -0.30, 0.53
-90.50, -89.52, -0.89, 1.05
-85.50, -87.58, 0.22, -0.65
-86.50, -86.84, 0.52, -0.89
-89.50, -88.15, -0.15, 0.40
-87.50, -87.84, 0.03, -0.20
-88.50, -88.21, -0.13, 0.36
-87.50, -87.85, 0.06, -0.29
-89.50, -88.78, -0.34, 0.63
-85.50, -87.02, 0.51, -0.84
-87.50, -87.07, 0.36, -0.64
-86.50, -86.58, 0.45, -0.71
-88.50, -87.50, -0.09, 0.40
-85.50, -86.38, 0.38, -0.64
-87.50, -86.86, 0.05, -0.10
-81.50, -83.73, 1.33, -6.11
-89.50, -86.49, -0.24, 0.70
-86.50, -86.62, -0.29, 0.69
-89.50, -88.44, -1.01, 5.46
-88.50, -88.93, -0.94, 1.10
-84.50, -86.78, 0.27, -0.70
-86.50, -86.48, 0.36, -0.73
-86.50, -86.32, 0.35, -0.67
-89.50, -88.01, -0.46, 0.78
-86.50, -87.34, -0.05, 0.18
-87.50, -87.45, -0.07, 0.24
-86.50, -86.93, 0.18, -0.48
-87.50, -87.18, 0.03, -0.19
-85.50, -86.19, 0.44, -0.74
-85.50, -85.59, 0.56, -0.82
-83.50, -84.12, 1.00, -5.13
-84.50, -83.90, 0.77, -0.89
-84.50, -83.91, 0.48, -0.61
-89.50, -86.96, -1.01, 5.80
-87.50, -87.75, -1.12, 5.75
-82.50, -85.21, 0.27, -0.64
-85.50, -85.25, 0.20, -0.51
-81.50, -82.98, 1.11, -5.66
-88.50, -85.68, -0.35, 0.76
-85.50, -85.75, -0.32, 0.66
-85.50, -85.75, -0.24, 0.53
-85.50, -85.71, -0.15, 0.39
-82.50, -83.91, 0.66, -0.96
-85.50, -84.53, 0.22, -0.46
-83.50, -83.84, 0.43, -0.69
-82.50, -82.87, 0.70, -0.90
-82.50, -82.35, 0.69, -0.85
-84.50, -83.30, 0.04, 0.24
-82.50, -82.83, 0.17, -0.30
-84.50, -83.74, -0.31, 0.71
-86.50, -85.49, -0.99, 1.23
-87.50, -87.11, -1.41, 6.29
-84.50, -86.22, -0.60, 0.72
-85.50, -86.06, -0.29, 0.39
-82.50, -84.10, 0.69, -1.11
-84.50, -84.00, 0.59, -0.93
-82.50, -82.86, 0.92, -1.13
-83.50, -82.82, 0.66, -0.85
-84.50, -83.50, 0.14, -0.24
-84.50, -84.03, -0.17, 0.56
-82.50, -83.23, 0.18, -0.37
-83.50, -83.31, 0.07, -0.17
-81.50, -82.23, 0.48, -0.73
-84.50, -83.34, -0.15, 0.50
-83.50, -83.51, -0.21, 0.54
-83.50, -83.60, -0.20, 0.50
-83.50, -83.64, -0.16, 0.42
-82.50, -83.05, 0.13, -0.41
-83.50, -83.25, 0.02, -0.14
-83.50, -83.39, -0.04, 0.21
-83.50, -83.47, -0.07, 0.26
-80.50, -81.77, 0.67, -0.95
-83.50, -82.47, 0.18, -0.39
-78.50, -80.08, 1.12, -5.52
-83.50, -81.57, 0.14, -0.22
-82.50, -82.06, -0.16, 0.56
-82.50, -82.40, -0.30, 0.67
-80.50, -81.44, 0.16, -0.40
-80.50, -80.82, 0.37, -0.64
-80.50, -80.47, 0.40, -0.64
-78.50, -79.15, 0.81, -0.99
-80.50, -79.57, 0.37, -0.54
-81.50, -80.54, -0.20, 0.62
-79.50, -80.04, 0.02, 0.14
-80.50, -80.30, -0.13, 0.44
-80.50, -80.48, -0.19, 0.50
-82.50, -81.74, -0.68, 0.96
-81.50, -81.91, -0.55, 0.79
-82.50, -82.50, -0.62, 0.82
-77.50, -79.86, 0.71, -1.09
-79.50, -79.32, 0.78, -1.06
-78.50, -78.49, 0.91, -1.09
-79.50, -78.67, 0.55, -0.73
-78.50, -78.33, 0.48, -0.65
-77.50, -77.64, 0.58, -0.73
-77.50, -77.31, 0.50, -0.64
-78.50, -77.79, 0.09, -0.05
-83.50, -81.09, -1.39, 6.69
-78.50, -80.23, -0.67, 0.91
-80.50, -80.68, -0.65, 0.85
-79.50, -80.28, -0.26, 0.42
-79.50, -79.93, 0.01, -0.30
-77.50, -78.50, 0.65, -1.01
-78.50, -78.20, 0.62, -0.91
-77.50, -77.51, 0.73, -0.94
-79.50, -78.34, 0.15, -0.27
-79.50, -78.96, -0.20, 0.58
-79.50, -79.37, -0.35, 0.70
-77.50, -78.45, 0.12, -0.36
-79.50, -79.00, -0.15, 0.42
-80.50, -79.94, -0.51, 0.80
-76.50, -78.17, 0.39, -0.74
-81.50, -79.93, -0.45, 0.75
-79.50, -79.88, -0.30, 0.55
-76.50, -78.04, 0.58, -0.92
-77.50, -77.46, 0.68, -0.94
-78.50, -77.76, 0.35, -0.58
-77.50, -77.46, 0.35, -0.57
-75.50, -76.17, 0.76, -0.93
-79.50, -77.77, -0.17, 0.60
-77.50, -77.71, -0.15, 0.50
-79.50, -78.83, -0.61, 0.94
-77.50, -78.34, -0.24, 0.51
-76.50, -77.38, 0.24, -0.57
-78.50, -77.92, -0.04, 0.21
-80.50, -79.44, -0.67, 0.94
-77.50, -78.61, -0.13, 0.29
-75.50, -76.85, 0.68, -1.01
-73.50, -74.59, 1.46, -6.52
-76.50, -75.04, 0.84, -0.95
-76.50, -75.53, 0.33, -0.44
-76.50, -75.96, -0.02, 0.40
-74.50, -75.14, 0.27, -0.44
-76.50, -75.82, -0.14, 0.52
-78.50, -77.45, -0.83, 1.14
-73.50, -75.54, 0.19, -0.50
-73.50, -74.26, 0.68, -0.96
-74.50, -74.09, 0.56, -0.79
-79.50, -76.99, -0.85, 1.18
-79.50, -78.85, -1.42, 6.46
-75.50, -77.54, -0.46, 0.63
-78.50, -78.29, -0.59, 0.74
-74.50, -76.34, 0.46, -0.91
-72.50, -73.88, 1.42, -6.64
-75.50, -74.17, 0.91, -1.07
-75.50, -74.54, 0.46, -0.63
-77.50, -76.06, -0.37, 0.81
-77.50, -77.08, -0.74, 1.07
-74.50, -75.92, -0.07, 0.24
-74.50, -75.12, 0.30, -0.61
-76.50, -75.79, -0.06, 0.28
-78.50, -77.40, -0.73, 1.00
-77.50, -77.79, -0.68, 0.90
-76.50, -77.34, -0.27, 0.45
-78.50, -78.13, -0.48, 0.68
-74.50, -76.23, 0.50, -0.91
-78.50, -77.31, -0.06, 0.18
-77.50, -77.44, -0.08, 0.24
-76.50, -76.93, 0.17, -0.48
-77.50, -77.18, 0.03, -0.19
-76.50, -76.77, 0.20, -0.48
-76.50, -76.52, 0.25, -0.52
-77.50, -76.98, -0.03, 0.22
-74.50, -75.55, 0.57, -0.84
-78.50, -77.01, -0.22, 0.58
-74.50, -75.66, 0.39, -0.66
-74.50, -74.81, 0.62, -0.85
-77.50, -76.10, -0.12, 0.49
-76.50, -76.40, -0.25, 0.61
-76.50, -76.58, -0.28, 0.60
-76.50, -76.66, -0.24, 0.52
-73.50, -74.93, 0.56, -0.88
-76.50, -75.59, 0.13, -0.35
-77.50, -76.64, -0.36, 0.70
-76.50, -76.73, -0.31, 0.60
-75.50, -76.15, 0.03, -0.23
-75.50, -75.76, 0.20, -0.50
-79.50, -77.84, -0.73, 1.00
-76.50, -77.39, -0.33, 0.56
-75.50, -76.43, 0.20, -0.56
-78.50, -77.54, -0.30, 0.55
-76.50, -77.07, 0.00, -0.20
-76.50, -76.73, 0.17, -0.48
-76.50, -76.52, 0.22, -0.52
-76.50, -76.40, 0.21, -0.48
-78.50, -77.53, -0.33, 0.66
-76.50, -77.08, -0.05, 0.22
-76.50, -76.77, 0.10, -0.34
-75.50, -75.98, 0.41, -0.71
-76.50, -76.10, 0.24, -0.49
-78.50, -77.39, -0.39, 0.74
-75.50, -76.47, 0.09, -0.32
-76.50, -76.45, 0.08, -0.27
-77.50, -77.03, -0.19, 0.48
-76.50, -76.81, -0.05, 0.22
-74.50, -75.49, 0.52, -0.83
-74.50, -74.67, 0.72, -0.95
-75.50, -74.83, 0.43, -0.64
-76.50, -75.62, -0.07, 0.41
-77.50, -76.75, -0.57, 0.93
-75.50, -76.29, -0.23, 0.52
-77.50, -77.10, -0.51, 0.79
-78.50, -78.14, -0.79, 0.99
-76.50, -77.54, -0.28, 0.46
-77.50, -77.63, -0.20, 0.35
-75.50, -76.47, 0.39, -0.80
-75.50, -75.72, 0.63, -0.95
-75.50, -75.30, 0.64, -0.89
-73.50, -73.97, 1.00, -5.14
-75.50, -74.41, 0.49, -0.65
-76.50, -75.42, -0.13, 0.56
-74.50, -74.96, 0.04, 0.10
-75.50, -75.27, -0.14, 0.49
-77.50, -76.64, -0.71, 1.02
-76.50, -76.88, -0.62, 0.88
-74.50, -75.77, 0.04, -0.32
-78.50, -77.33, -0.60, 0.84
-76.50, -77.12, -0.31, 0.51
-75.50, -76.31, 0.16, -0.53
-77.50, -76.92, -0.11, 0.27
-79.50, -78.47, -0.71, 0.93
-79.50, -79.38, -0.87, 1.01
-79.50, -79.83, -0.77, 0.88
-77.50, -78.81, -0.05, -0.26
-78.50, -78.63, 0.11, -0.51
-78.50, -78.49, 0.19, -0.57
-78.50, -78.40, 0.21, -0.54
-78.50, -78.36, 0.18, -0.48
-77.50, -77.78, 0.38, -0.68
-79.50, -78.60, -0.08, 0.34
-79.50, -79.17, -0.31, 0.63
-77.50, -78.34, 0.12, -0.39
-80.50, -79.54, -0.41, 0.72
-80.50, -80.28, -0.61, 0.86
-78.50, -79.52, -0.09, 0.20
-80.50, -80.12, -0.29, 0.52
-76.50, -78.14, 0.66, -1.01
-80.50, -79.21, 0.04, -0.21
-81.50, -80.52, -0.52, 0.83
-80.50, -80.75, -0.47, 0.73
-80.50, -80.81, -0.34, 0.57
-78.50, -79.61, 0.29, -0.68
-81.50, -80.57, -0.17, 0.39
-79.50, -80.02, 0.13, -0.43
-80.50, -80.24, 0.02, -0.17
-79.50, -79.80, 0.20, -0.50
-82.50, -81.28, -0.47, 0.78
-83.50, -82.79, -0.98, 1.15
-74.50, -78.41, 1.17, -6.08
-74.50, -75.59, 2.06, -7.92
-69.50, -71.12, 3.34, -10.09
-63.50, -65.20, 4.79, -10.57
-56.50, -58.02, 6.25, -10.66
-49.50, -50.31, 7.38, -10.67
-40.50, -41.37, 8.57, -10.69
-29.50, -30.74, 9.99, -10.74
-20.50, -20.45, 10.70, -10.66
-10.50, -10.05, 11.10, -10.55
-2.50, -0.90, 10.71, -10.34
1.50, 5.05, 8.97, -9.96
10.50, 11.96, 8.08, -9.83
18.50, 19.11, 7.55, -9.79
30.50, 28.85, 8.30, -9.97
36.50, 36.76, 8.11, -9.94
40.50, 42.32, 6.99, -9.77
45.50, 47.05, 5.86, -9.44
53.50, 53.18, 5.69, -9.55
57.50, 58.01, 5.11, -8.88
62.50, 62.69, 4.68, -8.49
65.50, 66.22, 3.96, -7.52
69.50, 69.72, 3.50, -7.01
72.50, 72.73, 3.04, -6.46
75.50, 75.55, 2.70, -6.10
79.50, 78.92, 2.75, -6.55
80.50, 80.95, 2.29, -5.76
82.50, 82.76, 1.91, -5.13
84.50, 84.52, 1.67, -4.79
88.50, 87.49, 2.05, -6.00
88.50, 88.92, 1.72, -5.29
90.50, 90.53, 1.58, -5.08
87.50, 89.41, 0.35, 0.16
88.50, 88.97, -0.21, 1.07
89.50, 89.13, -0.29, 0.98
91.50, 90.34, 0.16, -0.08
90.50, 90.48, 0.07, 0.23
93.50, 92.25, 0.72, -0.84
89.50, 90.96, -0.09, 0.54
91.50, 91.21, -0.03, 0.36
88.50, 89.61, -0.74, 1.09
91.50, 90.36, -0.24, 0.53
91.50, 90.92, 0.06, -0.29
89.50, 90.12, -0.28, 0.57
88.50, 89.05, -0.65, 0.89
91.50, 90.19, 0.03, -0.32
87.50, 88.65, -0.59, 0.83
87.50, 87.72, -0.79, 0.95
87.50, 87.24, -0.72, 0.86
87.50, 87.08, -0.53, 0.66
85.50, 85.94, -0.79, 0.88
89.50, 87.67, 0.24, -0.74
83.50, 85.37, -0.73, 0.88
84.50, 84.55, -0.81, 0.92
84.50, 84.17, -0.68, 0.78
87.50, 85.82, 0.29, -0.79
85.50, 85.78, 0.27, -0.69
85.50, 85.75, 0.22, -0.58
84.50, 85.13, -0.08, 0.25
83.50, 84.15, -0.46, 0.74
82.50, 82.98, -0.81, 1.00
81.50, 81.76, -1.06, 5.22
82.50, 81.72, -0.73, 0.82
78.50, 79.54, -1.36, 5.85
73.50, 75.43, -2.62, 8.57
69.50, 70.82, -3.70, 10.27
56.50, 60.86, -6.66, 10.78
40.50, 46.07, -10.70, 11.24
27.50, 30.53, -13.72, 11.41
10.50, 12.84, -16.51, 11.50
-8.50, -6.79, -19.01, 11.51
-18.50, -21.87, -18.54, 11.03
-35.50, -37.77, -18.24, 10.71
-51.50, -53.54, -17.76, 10.44
-64.50, -67.44, -16.48, 10.11
-71.50, -76.72, -13.53, 9.60
-112.50, -103.11, -18.64, 10.55
-106.50, -112.99, -15.38, 9.86
-99.50, -111.55, -8.17, 8.01
-94.50, -104.78, -0.85, -4.15
-79.50, -89.98, 7.45, -12.95
-73.50, -76.66, 12.26, -12.96
-65.50, -64.42, 14.59, -12.56
203.50, 98.05, 79.01, -22.50
190.50, 187.49, 93.28, -21.54
159.50, 212.65, 73.64, -15.25
126.50, 194.45, 39.03, -8.15
111.50, 162.15, 7.47, 16.56
78.50, 115.25, -20.65, 19.46
60.50, 72.79, -37.32, 19.70
27.50, 28.81, -47.78, 18.86
-3.50, -11.83, -51.75, 17.17
-18.50, -38.86, -46.98, 14.48
-210.50, -159.28, -81.50, 18.99
-195.50, -216.33, -78.27, 16.07
-176.50, -227.18, -54.61, 10.56
-166.50, -214.85, -26.81, 5.83
-153.50, -189.51, -1.52, -17.23
-138.50, -158.96, 17.72, -18.49
-132.50, -134.38, 27.32, -17.82
-117.50, -111.50, 31.62, -16.46
-93.50, -86.45, 33.94, -15.13
-87.50, -71.79, 29.86, -13.10
-76.50, -61.39, 24.09, -11.33
-66.50, -54.01, 18.09, -9.99
-55.50, -47.31, 13.27, -9.20
-56.50, -47.27, 7.05, -5.83
-46.50, -44.21, 4.09, -2.32
-43.50, -42.44, 1.79, 6.09
-42.50, -42.06, -0.08, 3.29
-43.50, -43.24, -1.72, 11.37
-47.50, -46.72, -3.54, 11.31
-46.50, -48.35, -3.77, 11.00
-46.50, -49.06, -3.26, 10.65
-44.50, -47.91, -1.91, 7.36
-45.50, -47.36, -1.08, 4.90
-44.50, -46.16, -0.15, 0.02
-40.50, -42.91, 1.37, -6.88
-42.50, -42.03, 1.43, -6.59
-41.50, -41.07, 1.43, -6.27
-39.50, -39.52, 1.63, -6.53
-40.50, -39.37, 1.14, -5.01
-39.50, -38.96, 0.87, -0.81
-41.50, -40.08, 0.02, 0.53
-40.50, -40.34, -0.22, 0.75
-41.50, -41.14, -0.58, 1.01
-43.50, -42.79, -1.16, 5.93
-42.50, -43.15, -1.00, 5.18
-42.50, -43.22, -0.71, 0.86
-42.50, -43.11, -0.41, 0.54
-42.50, -42.92, -0.15, 0.20
-41.50, -42.15, 0.28, -0.72
-39.50, -40.46, 0.96, -1.23
-40.50, -40.04, 0.88, -1.08
-41.50, -40.49, 0.42, -0.62
-40.50, -40.32, 0.33, -0.51
-42.50, -41.45, -0.29, 0.70
-39.50, -40.46, 0.17, -0.37
-39.50, -39.83, 0.36, -0.61
-40.50, -40.06, 0.14, -0.29
-41.50, -40.84, -0.26, 0.63
-41.50, -41.35, -0.43, 0.76
-39.50, -40.47, 0.06, -0.28
-41.50, -41.04, -0.19, 0.46
-41.50, -41.39, -0.28, 0.55
-41.50, -41.58, -0.27, 0.52
-43.50, -42.81, -0.69, 0.91
-44.50, -44.10, -1.02, 5.11
-42.50, -43.62, -0.48, 0.61
-42.50, -43.17, -0.08, 0.01
-39.50, -41.05, 0.90, -1.24
-40.50, -40.31, 1.00, -1.21
-40.50, -39.97, 0.86, -1.02
-42.50, -41.06, 0.12, -0.17
-42.50, -41.86, -0.31, 0.72
-39.50, -40.64, 0.26, -0.49
-40.50, -40.45, 0.24, -0.46
-39.50, -39.79, 0.42, -0.66
-40.50, -40.02, 0.18, -0.34
-42.50, -41.39, -0.49, 0.86
-39.50, -40.52, -0.01, 0.12
-40.50, -40.51, -0.01, 0.12
-43.50, -42.26, -0.75, 1.01
-41.50, -42.15, -0.49, 0.73
-40.50, -41.41, -0.01, -0.23
-36.50, -38.55, 1.24, -6.15
-35.50, -36.21, 1.89, -7.44
-34.50, -34.37, 2.09, -7.55
-25.50, -28.28, 3.96, -10.49
-22.50, -23.16, 4.84, -10.50
-22.50, -20.65, 4.25, -10.27
-19.50, -18.15, 3.73, -9.10
-18.50, -16.77, 2.82, -7.23
-20.50, -17.77, 1.16, -3.14
-21.50, -19.52, -0.32, 1.49
-23.50, -22.07, -1.64, 8.42
-28.50, -26.62, -3.32, 10.70
-26.50, -28.08, -3.09, 9.89
-28.50, -29.72, -2.85, 8.88
-31.50, -32.01, -2.86, 8.55
-26.50, -30.05, -1.00, 3.75
-27.50, -28.96, -0.01, -0.83
-25.50, -26.90, 1.07, -6.52
-22.50, -23.81, 2.22, -8.74
-23.50, -22.61, 2.15, -8.05
-24.50, -22.74, 1.45, -6.00
-20.50, -20.80, 1.75, -6.59
-18.50, -18.70, 2.02, -7.03
-21.50, -19.45, 0.96, -0.76
-20.50, -19.67, 0.41, -0.28
-18.50, -18.85, 0.48, -0.43
-18.50, -18.46, 0.37, -0.36
-19.50, -18.93, -0.05, 0.57
-18.50, -18.73, -0.05, 0.48
-18.50, -18.64, -0.07, 0.44
-19.50, -19.18, -0.33, 0.72
-19.50, -19.52, -0.41, 0.75
-18.50, -19.12, -0.13, 0.37
-18.50, -18.82, 0.04, -0.23
-16.50, -17.45, 0.61, -0.91
-19.50, -18.37, 0.05, -0.15
-17.50, -17.84, 0.24, -0.48
-20.50, -19.29, -0.45, 0.81
-19.50, -19.62, -0.48, 0.78
-20.50, -20.35, -0.65, 0.88
-21.50, -21.31, -0.85, 1.00
-22.50, -22.37, -1.01, 5.01
-24.50, -24.06, -1.37, 5.87
-27.50, -26.66, -1.99, 7.23
-25.50, -26.86, -1.39, 5.51
-27.50, -27.83, -1.25, 5.06
-30.50, -29.91, -1.61, 5.99
-30.50, -30.94, -1.42, 5.41
-30.50, -31.28, -0.98, 0.77
-33.50, -32.97, -1.23, 4.95
-31.50, -32.63, -0.57, 0.45
-34.50, -33.93, -0.79, 0.71
-33.50, -34.00, -0.45, 0.41
-34.50, -34.46, -0.38, 0.39
-33.50, -34.05, 0.01, -0.50
-35.50, -34.86, -0.24, 0.33
-36.50, -35.91, -0.54, 0.69
-38.50, -37.64, -1.06, 5.10
-42.50, -40.93, -2.07, 7.52
-45.50, -44.51, -2.90, 8.95
-48.50, -48.11, -3.44, 9.63
-54.50, -53.33, -4.44, 10.40
-61.50, -60.02, -5.71, 10.50
-65.50, -65.70, -6.09, 10.43
-73.50, -72.88, -6.89, 10.45
-76.50, -77.96, -6.48, 10.26
-83.50, -83.95, -6.48, 10.19
-87.50, -88.77, -5.93, 10.05
-90.50, -92.27, -4.95, 9.45
-93.50, -95.03, -3.93, 7.79
-98.50, -98.64, -3.59, 7.44
-101.50, -101.75, -3.19, 6.94
-103.50, -104.05, -2.62, 6.04
-107.50, -107.10, -2.58, 6.27
-108.50, -108.95, -2.11, 5.45
-111.50, -111.27, -2.02, 5.50
-114.50, -113.95, -2.15, 6.04
-115.50, -115.73, -1.90, 5.59
-118.50, -118.11, -2.01, 5.99
-120.50, -120.32, -2.03, 6.15
-119.50, -120.69, -1.29, 4.28
-120.50, -121.08, -0.79, 0.41
-120.50, -121.03, -0.27, -0.13
-123.50, -122.53, -0.61, 0.47
-126.50, -125.07, -1.33, 5.33
-127.50, -127.05, -1.63, 6.07
-127.50, -128.01, -1.41, 5.39
-127.50, -128.31, -0.95, 0.76
-126.50, -127.64, -0.22, -0.02
-128.50, -128.20, -0.23, 0.13
-127.50, -127.86, 0.10, -0.65
-127.50, -127.58, 0.29, -0.78
-130.50, -129.13, -0.38, 0.57
-128.50, -128.92, -0.14, 0.25
-127.50, -128.15, 0.27, -0.67
-126.50, -127.06, 0.69, -1.00
-128.50, -127.58, 0.29, -0.55
-128.50, -127.99, 0.02, 0.06
-128.50, -128.28, -0.13, 0.42
-126.50, -127.31, 0.31, -0.59
-128.50, -127.86, -0.02, 0.22
-126.50, -127.09, 0.30, -0.57
-126.50, -126.61, 0.40, -0.66
-126.50, -126.37, 0.37, -0.60
-125.50, -125.70, 0.51, -0.73
-128.50, -127.11, -0.26, 0.67
-126.50, -126.88, -0.13, 0.45
-125.50, -126.14, 0.20, -0.44
-126.50, -126.26, 0.08, -0.23
-124.50, -125.21, 0.49, -0.75
-129.50, -127.49, -0.63, 0.98
-126.50, -127.21, -0.36, 0.65
-126.50, -126.96, -0.14, 0.36
-127.50, -127.33, -0.25, 0.50
-126.50, -126.96, 0.00, -0.17
-127.50, -127.27, -0.11, 0.30
-125.50, -126.29, 0.35, -0.69
-124.50, -125.09, 0.77, -1.02
-125.50, -124.98, 0.59, -0.81
-123.50, -123.86, 0.86, -1.00
-118.50, -120.36, 2.04, -7.59
-114.50, -116.04, 3.21, -9.65
-111.50, -111.98, 3.88, -10.39
-111.50, -110.00, 3.39, -9.11
-107.50, -107.08, 3.35, -8.80
-103.50, -103.57, 3.54, -8.99
-98.50, -99.11, 4.03, -9.74
-92.50, -93.54, 4.83, -10.27
-91.50, -90.28, 4.38, -9.85
-91.50, -89.13, 3.11, -7.37
-84.50, -85.16, 3.38, -8.03
-82.50, -82.21, 3.16, -7.67
-83.50, -81.65, 2.01, -5.24
-80.50, -80.19, 1.59, -4.46
-83.50, -81.50, 0.17, 1.04
-86.50, -84.42, -1.46, 8.15
-89.50, -88.11, -2.85, 10.37
-89.50, -90.25, -3.06, 10.03
-92.50, -92.95, -3.32, 9.92
-90.50, -93.00, -2.27, 7.34
-86.50, -90.20, -0.24, -0.39
-89.50, -89.84, 0.20, -0.94
-84.50, -86.60, 1.68, -7.78
-86.50, -85.75, 1.66, -7.22
-84.50, -84.26, 1.83, -7.24
-83.50, -83.00, 1.79, -6.83
-84.50, -83.08, 1.14, -4.92
-86.50, -84.59, 0.05, 0.53
-89.50, -87.46, -1.31, 6.80
-90.50, -89.85, -2.04, 8.07
-91.50, -91.74, -2.27, 8.13
-86.50, -89.71, -0.70, 0.69
-88.50, -89.29, -0.21, 0.14
-84.50, -86.57, 1.11, -6.20
-86.50, -86.00, 1.11, -5.81
-86.50, -85.78, 0.91, -1.08
-86.50, -85.79, 0.62, -0.79
-86.50, -85.94, 0.33, -0.48
-88.50, -87.29, -0.39, 0.83
-84.50, -85.86, 0.27, -0.50
-88.50, -87.28, -0.43, 0.80
-87.50, -87.61, -0.47, 0.78
-86.50, -87.18, -0.16, 0.38
-87.50, -87.43, -0.21, 0.44
-89.50, -88.72, -0.68, 0.91
-87.50, -88.31, -0.29, 0.48
-85.50, -86.80, 0.47, -0.87
-85.50, -85.82, 0.78, -1.06
-89.50, -87.60, -0.19, 0.52
-87.50, -87.63, -0.16, 0.45
-88.50, -88.21, -0.37, 0.67
-88.50, -88.55, -0.40, 0.67
-88.50, -88.70, -0.34, 0.57
-85.50, -86.98, 0.51, -0.88
-88.50, -87.63, 0.12, -0.37
-88.50, -88.08, -0.10, 0.34
-86.50, -87.21, 0.29, -0.60
-87.50, -87.25, 0.19, -0.45
-87.50, -87.31, 0.10, -0.29
-87.50, -87.38, 0.03, -0.11
-88.50, -88.02, -0.26, 0.58
-88.50, -88.42, -0.37, 0.66
-85.50, -86.89, 0.39, -0.73
-88.50, -87.65, -0.03, 0.19
-88.50, -88.16, -0.24, 0.53
-87.50, -87.88, -0.06, 0.22
-86.50, -87.10, 0.30, -0.61
-86.50, -86.62, 0.42, -0.71
-86.50, -86.36, 0.40, -0.66
-88.50, -87.43, -0.18, 0.54
-84.50, -85.81, 0.52, -0.78
-84.50, -84.82, 0.78, -0.96
-84.50, -84.29, 0.75, -0.89
-86.50, -85.25, 0.07, 0.00
-89.50, -87.70, -1.04, 5.76
-87.50, -88.07, -0.94, 1.15
-89.50, -89.33, -1.20, 5.66
-89.50, -89.96, -1.08, 5.13
-87.50, -89.00, -0.29, 0.35
-84.50, -86.49, 0.94, -1.32
-85.50, -85.47, 1.17, -5.93
-85.50, -84.95, 1.07, -5.36
-84.50, -84.21, 1.04, -5.10
-84.50, -83.92, 0.81, -0.87
-86.50, -85.08, 0.01, 0.43
-85.50, -85.34, -0.19, 0.64
-86.50, -86.12, -0.52, 0.92
-87.50, -87.17, -0.85, 1.11
-86.50, -87.17, -0.61, 0.85
-84.50, -85.89, 0.13, -0.49
-84.50, -85.01, 0.50, -0.85
-88.50, -86.81, -0.38, 0.69
-87.50, -87.39, -0.51, 0.78
-87.50, -87.68, -0.48, 0.71
-89.50, -88.95, -0.84, 1.00
-86.50, -87.90, -0.12, 0.16
-87.50, -87.70, 0.05, -0.40
-87.50, -87.55, 0.15, -0.50
-87.50, -87.44, 0.18, -0.51
-84.50, -85.65, 0.91, -1.14
-84.50, -84.57, 1.10, -5.45
-88.50, -86.36, 0.00, 0.35
-87.50, -87.04, -0.35, 0.76
-89.50, -88.64, -0.96, 1.21
-85.50, -87.25, -0.11, 0.29
-88.50, -88.03, -0.39, 0.64
-87.50, -87.89, -0.20, 0.40
-89.50, -88.91, -0.55, 0.77
-89.50, -89.49, -0.61, 0.80
-86.50, -88.02, 0.23, -0.66
-86.50, -87.02, 0.64, -0.99
-86.50, -86.42, 0.73, -0.99
-86.50, -86.14, 0.63, -0.85
-86.50, -86.07, 0.45, -0.65
-86.50, -86.12, 0.26, -0.42
-91.50, -89.15, -1.14, 5.99
-90.50, -90.46, -1.40, 6.38
-88.50, -89.95, -0.77, 0.90
-86.50, -88.28, 0.21, -0.68
-85.50, -86.55, 0.95, -1.26
-85.50, -85.50, 1.16, -5.76
-85.50, -84.98, 1.04, -5.17
-88.50, -86.57, 0.02, 0.33
-85.50, -85.95, 0.21, -0.34
-90.50, -88.52, -0.98, 1.29
-87.50, -88.38, -0.68, 0.95
-88.50, -88.76, -0.64, 0.86
-87.50, -88.31, -0.24, 0.41
-87.50, -87.94, 0.03, -0.33
-90.50, -89.40, -0.56, 0.79
-88.50, -89.13, -0.25, 0.43
-88.50, -88.87, -0.03, -0.16
-89.50, -89.24, -0.14, 0.30
-86.50, -87.70, 0.58, -0.93
-86.50, -86.73, 0.84, -1.08
-85.50, -85.64, 1.06, -5.31
-87.50, -86.25, 0.46, -0.61
-85.50, -85.62, 0.53, -0.68
-87.50, -86.49, -0.05, 0.45
-90.50, -88.86, -1.10, 5.88
-86.50, -87.99, -0.45, 0.74
-89.50, -89.07, -0.77, 0.98
-90.50, -90.25, -1.02, 5.12
-90.50, -90.85, -0.94, 1.00
-90.50, -91.05, -0.68, 0.76
-90.50, -91.02, -0.39, 0.47
-90.50, -90.87, -0.13, 0.12
-88.50, -89.53, 0.55, -0.99
-88.50, -88.67, 0.81, -1.12
-87.50, -87.62, 1.04, -5.39
-89.50, -88.24, 0.46, -0.65
-88.50, -88.19, 0.31, -0.47
-89.50, -88.83, -0.10, 0.48
-90.50, -89.86, -0.55, 0.92
-89.50, -89.91, -0.44, 0.75
-89.50, -89.87, -0.30, 0.56
-89.50, -89.79, -0.16, 0.37
-88.50, -89.11, 0.19, -0.52
-89.50, -89.24, 0.10, -0.35
-90.50, -89.93, -0.21, 0.49
-90.50, -90.36, -0.33, 0.60
-91.50, -91.17, -0.56, 0.81
-89.50, -90.45, -0.08, 0.16
-88.50, -89.34, 0.44, -0.81
-90.50, -89.81, 0.14, -0.41
-93.50, -91.89, -0.77, 1.03
-90.50, -91.43, -0.35, 0.59
-91.50, -91.62, -0.31, 0.52
-92.50, -92.27, -0.46, 0.67
-91.50, -92.02, -0.19, 0.34
-91.50, -91.79, 0.00, -0.27
-89.50, -90.45, 0.61, -0.96
-91.50, -90.78, 0.32, -0.61
-90.50, -90.47, 0.35, -0.62
-90.50, -90.33, 0.30, -0.54
-91.50, -90.88, -0.04, 0.31
-90.50, -90.69, 0.03, -0.06
-89.50, -89.99, 0.30, -0.56
-90.50, -90.16, 0.13, -0.30
-92.50, -91.47, -0.48, 0.83
-92.50, -92.29, -0.71, 0.97
-90.50, -91.57, -0.20, 0.39
-91.50, -91.61, -0.13, 0.29
-94.50, -93.34, -0.80, 0.99
-93.50, -93.79, -0.73, 0.88
-92.50, -93.36, -0.29, 0.42
-95.50, -94.72, -0.72, 0.86
-92.50, -93.74, -0.05, -0.25
-95.50, -94.77, -0.40, 0.58
-93.50, -94.20, 0.00, -0.32
-93.50, -93.78, 0.23, -0.62
-92.50, -92.92, 0.56, -0.90
-91.50, -91.84, 0.87, -1.09
-94.50, -92.99, 0.13, -0.25
-96.50, -94.98, -0.79, 1.11
-92.50, -93.90, -0.13, 0.36
-94.50, -94.31, -0.26, 0.53
-91.50, -92.79, 0.47, -0.81
-92.50, -92.41, 0.51, -0.79
-94.50, -93.40, -0.06, 0.34
-93.50, -93.49, -0.11, 0.38
-92.50, -92.97, 0.13, -0.36
-91.50, -92.05, 0.47, -0.75
-94.50, -93.27, -0.19, 0.53
-94.50, -94.07, -0.50, 0.82
-92.50, -93.39, -0.07, 0.24
-93.50, -93.48, -0.08, 0.26
-93.50, -93.53, -0.07, 0.23
-93.50, -93.54, -0.04, 0.17
-96.50, -95.28, -0.76, 0.99
-94.50, -95.17, -0.48, 0.70
-91.50, -93.24, 0.51, -0.90
-93.50, -93.15, 0.44, -0.77
-96.50, -94.90, -0.42, 0.74
-94.50, -94.86, -0.28, 0.55
-97.50, -96.52, -0.89, 1.08
-92.50, -94.58, 0.20, -0.61
-95.50, -95.01, 0.01, -0.22
-84.50, -88.89, 2.61, -9.22
-83.50, -84.57, 3.69, -10.51
-74.50, -77.06, 5.71, -10.71
-71.50, -71.29, 6.29, -10.62
-65.50, -65.16, 6.71, -10.52
-61.50, -60.12, 6.42, -10.34
-58.50, -56.42, 5.54, -10.10
-57.50, -54.71, 4.00, -8.21
-50.50, -50.63, 3.90, -8.22
-48.50, -47.79, 3.33, -7.31
-47.50, -46.27, 2.41, -5.60
-43.50, -43.71, 2.23, -5.56
-41.50, -41.54, 2.01, -5.33
-40.50, -40.14, 1.58, -4.50
-41.50, -40.32, 0.65, -0.07
-37.50, -38.47, 0.90, -0.48
-36.50, -36.99, 0.99, -0.65
-35.50, -35.74, 1.00, -0.72
-37.50, -36.36, 0.24, 0.08
-34.50, -35.22, 0.47, -0.39
-35.50, -35.21, 0.19, -0.06
-39.50, -37.65, -1.02, 6.00
-38.50, -38.63, -1.23, 6.19
-37.50, -38.54, -0.87, 1.06
-34.50, -36.58, 0.23, -0.63
-40.50, -38.74, -0.71, 0.92
-37.50, -38.34, -0.31, 0.49
-38.50, -38.56, -0.27, 0.45
-38.50, -38.64, -0.18, 0.33
-38.50, -38.63, -0.09, 0.17
-36.50, -37.42, 0.48, -0.86
-37.50, -37.24, 0.45, -0.76
-38.50, -37.77, 0.10, -0.28
-35.50, -36.41, 0.63, -0.88
-34.50, -35.02, 1.02, -5.19
-36.50, -35.42, 0.52, -0.67
-37.50, -36.41, -0.11, 0.53
-33.50, -34.78, 0.55, -0.74
-33.50, -33.80, 0.77, -0.90
-31.50, -32.13, 1.20, -5.49
-26.50, -28.33, 2.39, -8.17
-20.50, -22.72, 3.97, -10.47
-10.50, -13.85, 6.41, -10.75
-5.50, -6.16, 7.54, -10.74
-1.50, -0.14, 7.48, -10.53
4.50, 5.80, 7.25, -10.35
12.50, 12.80, 7.42, -10.29
12.50, 15.79, 5.78, -9.94
19.50, 20.35, 5.22, -9.68
26.50, 26.08, 5.33, -9.92
26.50, 28.54, 4.05, -7.89
33.50, 33.06, 4.04, -8.16
34.50, 35.54, 3.22, -6.83
37.50, 37.97, 2.66, -5.99
38.50, 39.33, 1.88, -4.50
39.50, 40.14, 1.15, -2.84
42.50, 41.92, 1.12, -3.26
43.50, 43.25, 0.98, -0.46
43.50, 43.76, 0.60, -0.22
45.50, 44.97, 0.68, -0.43
44.50, 44.95, 0.26, 0.01
45.50, 45.34, 0.17, 0.09
45.50, 45.47, 0.03, 0.47
45.50, 45.47, -0.09, 0.57
45.50, 45.43, -0.16, 0.59
47.50, 46.55, 0.30, -0.50
46.50, 46.65, 0.22, -0.39
43.50, 44.90, -0.62, 0.99
45.50, 44.96, -0.45, 0.76
44.50, 44.49, -0.52, 0.79
45.50, 44.84, -0.21, 0.41
48.50, 46.88, 0.74, -1.07
44.50, 45.84, 0.11, -0.33
45.50, 45.69, 0.01, -0.02
44.50, 45.00, -0.29, 0.61
43.50, 43.99, -0.64, 0.91
43.50, 43.42, -0.69, 0.90
44.50, 43.74, -0.33, 0.51
45.50, 44.63, 0.19, -0.59
43.50, 44.07, -0.06, 0.15
43.50, 43.72, -0.17, 0.37
45.50, 44.68, 0.31, -0.67
42.50, 43.56, -0.23, 0.51
42.50, 42.84, -0.47, 0.74
41.50, 41.85, -0.73, 0.94
41.50, 41.32, -0.72, 0.88
42.50, 41.69, -0.31, 0.45
42.50, 42.04, -0.02, -0.28
39.50, 40.57, -0.58, 0.77
37.50, 38.53, -1.23, 5.67
36.50, 36.81, -1.55, 6.32
30.50, 32.46, -2.86, 8.99
27.50, 28.31, -3.66, 10.13
23.50, 23.90, -4.27, 10.38
17.50, 18.31, -5.13, 10.42
18.50, 16.19, -4.19, 9.78
18.50, 15.75, -2.73, 6.82
16.50, 15.07, -1.76, 4.74
12.50, 12.89, -1.74, 5.00
11.50, 11.40, -1.49, 4.57
10.50, 10.29, -1.18, 3.92
12.50, 11.12, -0.19, -0.73
11.50, 11.32, 0.21, -1.04
11.50, 11.58, 0.45, -1.10
12.50, 12.36, 0.79, -1.24
10.50, 11.66, 0.35, -0.75
9.50, 10.57, -0.18, 0.40
12.50, 11.62, 0.33, -0.68
11.50, 11.70, 0.29, -0.59
15.50, 14.04, 1.19, -5.81
13.50, 14.26, 0.93, -1.03
15.50, 15.39, 1.08, -5.14
13.50, 14.76, 0.44, -0.51
12.50, 13.62, -0.26, 0.77
12.50, 12.83, -0.60, 1.00
15.50, 14.10, 0.06, -0.20
15.50, 14.94, 0.38, -0.65
15.50, 15.44, 0.47, -0.71
15.50, 15.68, 0.41, -0.63
14.50, 15.17, 0.04, 0.02
15.50, 15.37, 0.08, -0.17
12.50, 13.73, -0.67, 1.00
7.50, 9.80, -2.16, 8.15
1.50, 4.00, -3.97, 10.56
-7.50, -4.47, -6.30, 10.79
-10.50, -10.78, -6.93, 10.69
-19.50, -18.90, -7.97, 10.68
-31.50, -29.71, -9.70, 10.78
-35.50, -37.30, -9.43, 10.53
-43.50, -44.96, -9.10, 10.34
-53.50, -53.81, -9.26, 10.27
-56.50, -59.30, -7.89, 9.97
-64.50, -65.62, -7.20, 9.87
-73.50, -73.19, -7.25, 9.91
-76.50, -78.13, -6.21, 9.76
-76.50, -79.73, -4.08, 6.88
-83.50, -83.52, -3.54, 6.43
-86.50, -86.63, -2.99, 5.84
-90.50, -90.04, -2.82, 5.98
-94.50, -93.74, -2.91, 6.58
-97.50, -97.09, -2.91, 6.85
-100.50, -100.25, -2.87, 6.98
-100.50, -101.57, -2.11, 5.46
-102.50, -102.94, -1.62, 4.51
-107.50, -106.22, -2.12, 6.07
-107.50, -107.83, -1.83, 5.48
-108.50, -108.96, -1.44, 4.61
-110.50, -110.43, -1.33, 4.50
-111.50, -111.58, -1.15, 4.16
-110.50, -111.41, -0.49, 0.21
-112.50, -112.21, -0.47, 0.29
-109.50, -110.80, 0.45, -1.12
-109.50, -109.80, 0.89, -1.33
-110.50, -109.78, 0.73, -1.09
-108.50, -108.70, 1.01, -5.38
-107.50, -107.54, 1.21, -5.70
-110.50, -108.72, 0.32, -0.44
-109.50, -109.05, 0.03, 0.29
-108.50, -108.73, 0.09, -0.15
-107.50, -107.99, 0.34, -0.54
-109.50, -108.72, -0.11, 0.47
-107.50, -108.07, 0.16, -0.35
-107.50, -107.67, 0.26, -0.48
-104.50, -105.72, 0.98, -1.13
-105.50, -105.15, 0.91, -1.01
-105.50, -104.96, 0.67, -0.78
-106.50, -105.57, 0.15, -0.15
-103.50, -104.32, 0.56, -0.70
-104.50, -104.19, 0.39, -0.52
-104.50, -104.21, 0.20, -0.30
-106.50, -105.47, -0.45, 0.88
-101.50, -103.37, 0.52, -0.76
-102.50, -102.64, 0.65, -0.85
-104.50, -103.43, 0.09, -0.13
-103.50, -103.44, 0.01, 0.22
-104.50, -104.06, -0.29, 0.66
-102.50, -103.29, 0.09, -0.27
-103.50, -103.37, 0.02, -0.06
-102.50, -102.86, 0.22, -0.48
-104.50, -103.72, -0.22, 0.54
-101.50, -102.53, 0.33, -0.63
-103.50, -102.94, 0.06, -0.19
-103.50, -103.24, -0.10, 0.37
-104.50, -104.02, -0.41, 0.73
-102.50, -103.32, 0.00, -0.11
-101.50, -102.26, 0.46, -0.78
-103.50, -102.77, 0.12, -0.32
-104.50, -103.73, -0.33, 0.66
-101.50, -102.59, 0.24, -0.53
-103.50, -103.01, -0.01, 0.13
-103.50, -103.30, -0.14, 0.40
-100.50, -101.73, 0.56, -0.86
-99.50, -100.18, 1.05, -5.37
-104.50, -102.22, -0.13, 0.54
-99.50, -100.71, 0.49, -0.71
-103.50, -102.12, -0.28, 0.68
-102.50, -102.48, -0.39, 0.74
-102.50, -102.67, -0.38, 0.68
-100.50, -101.58, 0.19, -0.50
-102.50, -102.02, -0.04, 0.19
-99.50, -100.57, 0.59, -0.88
-99.50, -99.68, 0.79, -1.00
-99.50, -99.22, 0.74, -0.90
-99.50, -99.06, 0.55, -0.71
-100.50, -99.66, 0.08, -0.03
-100.50, -100.13, -0.20, 0.61
-103.50, -102.19, -1.06, 5.67
-101.50, -102.28, -0.81, 1.02
-103.50, -103.35, -1.01, 5.10
-100.50, -102.14, -0.17, 0.22
-100.50, -101.24, 0.32, -0.77
-102.50, -101.81, 0.04, -0.32
-101.50, -101.60, 0.15, -0.46
-100.50, -100.89, 0.42, -0.75
-102.50, -101.63, 0.00, 0.12
-101.50, -101.56, 0.02, -0.11
-100.50, -100.94, 0.27, -0.55
-99.50, -99.98, 0.59, -0.85
-98.50, -98.85, 0.88, -1.04
-100.50, -99.42, 0.35, -0.52
-99.50, -99.32, 0.24, -0.38
-99.50, -99.33, 0.12, -0.20
-100.50, -99.97, -0.23, 0.63
-101.50, -100.98, -0.63, 0.96
-99.50, -100.41, -0.22, 0.49
-99.50, -99.98, 0.03, -0.23
-98.50, -99.10, 0.40, -0.73
-96.50, -97.40, 1.01, -5.31
-100.50, -98.75, 0.14, -0.26
-98.50, -98.55, 0.14, -0.28
-97.50, -97.88, 0.35, -0.57
-97.50, -97.51, 0.37, -0.58
-95.50, -96.18, 0.79, -0.95
-93.50, -94.27, 1.33, -5.88
-96.50, -94.98, 0.59, -0.66
-94.50, -94.46, 0.55, -0.63
-95.50, -94.84, 0.15, -0.12
-95.50, -95.18, -0.12, 0.56
-97.50, -96.60, -0.75, 1.11
-95.50, -96.31, -0.45, 0.77
-97.50, -97.21, -0.70, 0.95
-95.50, -96.53, -0.20, 0.38
-98.50, -97.76, -0.63, 0.83
-96.50, -97.30, -0.22, 0.37
-96.50, -96.92, 0.05, -0.37
-95.50, -96.06, 0.44, -0.81
-94.50, -94.95, 0.81, -1.07
-99.50, -97.23, -0.38, 0.75
-94.50, -95.82, 0.30, -0.58
-95.50, -95.50, 0.34, -0.61
-95.50, -95.35, 0.29, -0.53
-95.50, -95.31, 0.20, -0.40
-100.50, -98.24, -1.12, 5.84
-96.50, -97.74, -0.61, 0.85
-98.50, -98.45, -0.71, 0.89
-96.50, -97.63, -0.12, 0.19
-98.50, -98.18, -0.27, 0.44
-96.50, -97.31, 0.22, -0.61
-96.50, -96.73, 0.44, -0.80
-95.50, -95.81, 0.72, -0.99
-95.50, -95.30, 0.73, -0.93
-96.50, -95.68, 0.33, -0.52
-97.50, -96.60, -0.20, 0.60
-99.50, -98.39, -0.94, 1.21
-96.50, -97.72, -0.41, 0.67
-96.50, -97.19, -0.05, 0.12
-100.50, -99.13, -0.83, 1.03
-98.50, -99.14, -0.57, 0.75
-97.50, -98.43, -0.06, 0.01
-98.50, -98.49, -0.02, -0.23
-95.50, -96.75, 0.76, -1.09
-97.50, -96.83, 0.53, -0.82
-98.50, -97.56, 0.07, -0.18
-97.50, -97.50, 0.05, -0.15
-96.50, -96.90, 0.27, -0.52
-97.50, -97.13, 0.08, -0.21
-96.50, -96.73, 0.20, -0.43
-97.50, -97.09, -0.02, 0.25
-97.50, -97.35, -0.14, 0.44
-96.50, -96.92, 0.06, -0.23
-95.50, -96.07, 0.40, -0.69
-94.50, -94.98, 0.74, -0.96
-95.50, -94.95, 0.51, -0.71
-94.50, -94.47, 0.53, -0.71
-94.50, -94.26, 0.42, -0.58
-93.50, -93.64, 0.50, -0.67
-94.50, -93.93, 0.18, -0.28
-95.50, -94.77, -0.28, 0.71
-92.50, -93.59, 0.25, -0.47
-94.50, -94.01, -0.03, 0.28
-94.50, -94.32, -0.17, 0.50
-93.50, -93.92, 0.02, -0.11
-94.50, -94.25, -0.13, 0.40
-96.50, -95.62, -0.68, 0.95
-92.50, -94.11, 0.16, -0.49
-94.50, -94.26, 0.07, -0.32
-93.50, -93.78, 0.26, -0.57
-91.50, -92.33, 0.80, -1.04
-91.50, -91.49, 0.92, -1.07
-92.50, -91.67, 0.55, -0.70
-93.50, -92.50, -0.02, 0.39
-93.50, -93.11, -0.33, 0.74
-95.50, -94.66, -0.93, 1.19
-91.50, -93.25, -0.08, 0.23
-91.50, -92.26, 0.37, -0.72
-92.50, -92.23, 0.30, -0.59
-90.50, -91.09, 0.69, -0.93
-92.50, -91.60, 0.26, -0.46
-92.50, -92.01, -0.02, 0.29
-92.50, -92.32, -0.17, 0.51
-92.50, -92.51, -0.23, 0.55
-92.50, -92.61, -0.22, 0.50
-92.50, -92.64, -0.17, 0.41
-92.50, -92.63, -0.11, 0.30
-90.50, -91.44, 0.44, -0.77
-90.50, -90.69, 0.64, -0.90
-92.50, -91.46, 0.12, -0.28
-93.50, -92.60, -0.42, 0.79
-90.50, -91.57, 0.11, -0.33
-93.50, -92.65, -0.38, 0.70
-94.50, -93.90, -0.80, 1.03
-89.50, -91.70, 0.37, -0.76
-90.50, -90.83, 0.66, -0.97
-90.50, -90.33, 0.69, -0.93
-92.50, -91.28, 0.07, -0.14
-90.50, -90.80, 0.22, -0.42
-90.50, -90.53, 0.24, -0.45
-92.50, -91.58, -0.30, 0.67
-91.50, -91.67, -0.28, 0.60
-91.50, -91.70, -0.22, 0.50
-88.50, -89.94, 0.59, -0.90
-86.50, -87.67, 1.38, -6.29
-82.50, -84.04, 2.50, -8.56
-78.50, -79.70, 3.54, -10.18
-72.50, -73.94, 4.81, -10.52
-67.50, -68.08, 5.66, -10.52
-62.50, -62.35, 6.10, -10.46
-53.50, -54.56, 7.18, -10.51
-47.50, -47.34, 7.60, -10.45
-44.50, -42.42, 6.82, -10.20
-40.50, -38.41, 5.79, -9.98
-37.50, -35.46, 4.57, -8.69
-33.50, -32.45, 3.74, -7.42
-28.50, -28.65, 3.53, -7.35
-26.50, -25.97, 2.97, -6.51
-25.50, -24.51, 2.11, -4.93
-24.50, -23.69, 1.30, -3.12
-24.50, -23.70, 0.44, 0.68
-19.50, -21.16, 0.99, -0.47
-21.50, -20.99, 0.47, -0.07
-18.50, -19.40, 0.74, -0.50
-18.50, -18.59, 0.66, -0.50
-16.50, -17.12, 0.91, -0.77
-16.50, -16.39, 0.80, -0.71
-16.50, -16.13, 0.53, -0.49
-15.50, -15.56, 0.49, -0.49
-14.50, -14.75, 0.57, -0.60
-14.50, -14.38, 0.46, -0.51
-15.50, -14.85, 0.03, 0.39
-16.50, -15.82, -0.47, 0.94
-15.50, -15.86, -0.42, 0.80
-15.50, -15.85, -0.32, 0.64
-18.50, -17.54, -0.95, 1.15
-15.50, -16.78, -0.35, 0.55
-14.50, -15.60, 0.29, -0.69
-14.50, -14.82, 0.57, -0.91
-14.50, -14.37, 0.61, -0.88
-14.50, -14.17, 0.51, -0.75
-8.50, -10.65, 1.82, -7.22
-7.50, -8.00, 2.37, -8.12
-0.50, -2.59, 3.87, -10.45
4.50, 3.25, 5.06, -10.53
11.50, 10.28, 6.30, -10.59
20.50, 18.98, 7.79, -10.68
24.50, 25.59, 7.83, -10.51
31.50, 32.41, 7.80, -10.37
32.50, 35.80, 6.23, -10.01
37.50, 39.40, 5.13, -9.44
40.50, 42.15, 3.99, -7.64
44.50, 45.12, 3.31, -6.69
47.50, 47.82, 2.78, -5.98
51.50, 51.05, 2.70, -6.21
54.50, 54.13, 2.66, -6.41
56.50, 56.58, 2.41, -6.11
55.50, 56.92, 1.39, -3.75
60.50, 59.52, 1.66, -4.89
55.50, 57.84, 0.10, 1.03
59.50, 58.77, 0.15, 0.73
62.50, 60.94, 0.78, -0.60
59.50, 60.41, 0.15, 0.41
60.50, 60.49, -0.02, 0.61
62.50, 61.61, 0.34, -0.39
59.50, 60.51, -0.31, 0.82
59.50, 59.76, -0.62, 1.01
58.50, 58.74, -0.92, 1.17
60.50, 59.34, -0.40, 0.65
59.50, 59.26, -0.30, 0.52
60.50, 59.85, 0.07, -0.39
58.50, 59.11, -0.23, 0.46
59.50, 59.23, -0.09, 0.22
59.50, 59.35, 0.01, -0.22
59.50, 59.45, 0.07, -0.32
60.50, 60.10, 0.34, -0.66
58.50, 59.32, -0.08, 0.31
58.50, 58.81, -0.28, 0.58
57.50, 57.92, -0.57, 0.84
56.50, 56.84, -0.85, 1.03
57.50, 56.84, -0.58, 0.74
49.50, 52.32, -2.27, 8.09
48.50, 49.09, -2.91, 9.06
44.50, 45.13, -3.61, 10.00
32.50, 36.20, -6.14, 10.68
27.50, 28.43, -7.36, 10.70
25.50, 23.50, -6.89, 10.44
16.50, 16.45, -7.30, 10.39
9.50, 9.27, -7.56, 10.33
2.50, 2.10, -7.65, 10.26
0.50, -2.08, -6.39, 9.98
-4.50, -6.16, -5.40, 9.69
-13.50, -12.65, -5.72, 9.92
-21.50, -20.18, -6.42, 10.06
-20.50, -23.06, -4.98, 9.20
-23.50, -25.36, -3.69, 7.12
-27.50, -28.07, -3.00, 6.14
-29.50, -30.08, -2.28, 4.99
-30.50, -31.20, -1.48, 3.38
-34.50, -33.65, -1.56, 4.15
-37.50, -36.48, -1.86, 5.31
-36.50, -37.23, -1.26, 3.90
-41.50, -40.20, -1.80, 5.66
-38.50, -39.95, -0.88, 0.45
-41.50, -41.17, -0.86, 0.54
-39.50, -40.53, -0.10, -0.67
-39.50, -39.92, 0.38, -1.08
-38.50, -38.88, 0.86, -1.33
-41.50, -39.99, 0.24, -0.65
-40.50, -40.16, 0.14, -0.47
-36.50, -37.96, 1.05, -5.55
-36.50, -36.63, 1.32, -6.03
-38.50, -37.13, 0.70, -0.81
-36.50, -36.47, 0.71, -0.80
-38.50, -37.35, 0.06, 0.29
-38.50, -38.01, -0.32, 0.78
-36.50, -37.29, 0.02, 0.17
-35.50, -36.25, 0.42, -0.66
-36.50, -36.21, 0.29, -0.50
-39.50, -38.00, -0.58, 0.96
-35.50, -36.82, 0.05, -0.21
-36.50, -36.61, 0.12, -0.34
-38.50, -37.66, -0.36, 0.69
-36.50, -37.15, -0.05, 0.20
-34.50, -35.63, 0.61, -0.91
-35.50, -35.28, 0.59, -0.84
-36.50, -35.72, 0.21, -0.40
-34.50, -34.93, 0.45, -0.68
-37.50, -36.23, -0.26, 0.66
-36.50, -36.51, -0.34, 0.70
-37.50, -37.25, -0.57, 0.87
-37.50, -37.65, -0.58, 0.82
-38.50, -38.40, -0.71, 0.90
-35.50, -37.03, 0.11, -0.51
-33.50, -34.91, 1.02, -5.59
-33.50, -33.62, 1.30, -6.08
-30.50, -31.22, 1.92, -7.35
-26.50, -27.62, 2.83, -8.96
-21.50, -22.81, 3.93, -10.43
-21.50, -20.32, 3.66, -9.67
-18.50, -17.67, 3.44, -8.98
-19.50, -17.26, 2.29, -6.45
-15.50, -15.29, 2.10, -6.10
-12.50, -12.81, 2.20, -6.42
-10.50, -10.56, 2.18, -6.45
-10.50, -9.62, 1.63, -5.15
-9.50, -8.89, 1.16, -3.97
-10.50, -9.38, 0.33, 0.10
-10.50, -9.94, -0.25, 1.06
-10.50, -10.43, -0.57, 1.19
-12.50, -11.93, -1.17, 6.30
-10.50, -11.65, -0.79, 1.08
-11.50, -11.92, -0.69, 0.93
-12.50, -12.57, -0.75, 0.92
-11.50, -12.28, -0.37, 0.54
-13.50, -13.14, -0.58, 0.74
-12.50, -13.02, -0.30, 0.45
-16.50, -15.17, -1.07, 5.18
-15.50, -15.83, -0.98, 1.01
-15.50, -16.06, -0.72, 0.77
-15.50, -16.04, -0.41, 0.47
-18.50, -17.63, -0.87, 0.91
-18.50, -18.51, -0.91, 0.92
-18.50, -18.89, -0.71, 0.75
-19.50, -19.54, -0.68, 0.72
-17.50, -18.64, -0.01, -0.46
-20.50, -19.70, -0.36, 0.47
-22.50, -21.47, -0.93, 1.00
-21.50, -21.89, -0.77, 0.84
-20.50, -21.41, -0.27, 0.32
-21.50, -21.56, -0.17, 0.20
-22.50, -22.16, -0.30, 0.44
-24.50, -23.64, -0.78, 0.91
-21.50, -22.74, -0.12, 0.11
-25.50, -24.38, -0.71, 0.85
-22.50, -23.59, -0.12, 0.13
-23.50, -23.58, -0.01, -0.28
-26.50, -25.27, -0.67, 0.86
-30.50, -28.61, -1.85, 7.19
-34.50, -32.86, -3.05, 9.42
-47.50, -42.73, -6.23, 10.80
-59.50, -55.26, -9.51, 11.13
-77.50, -72.41, -13.63, 11.51
-85.50, -86.04, -14.82, 11.31
-107.50, -105.00, -17.60, 11.42
-122.50, -122.83, -18.82, 11.24
-103.50, -119.72, -10.54, 9.55
-80.50, -101.23, 2.07, -12.41
-64.50, -78.50, 12.69, -13.52
-43.50, -52.10, 21.25, -14.00
-19.50, -23.41, 27.55, -13.98
-0.50, 2.27, 29.90, -13.31
8.50, 19.10, 27.00, -11.96
26.50, 35.11, 23.90, -10.93
44.50, 50.77, 21.16, -10.23
55.50, 62.42, 17.33, -9.54
69.50, 73.69, 14.41, -9.18
81.50, 84.09, 12.07, -9.01
101.50, 99.06, 12.51, -9.35
125.50, 119.53, 15.36, -9.99
128.50, 131.17, 13.78, -9.73
130.50, 136.49, 10.00, -9.18
129.50, 136.43, 5.11, -4.60
130.50, 134.82, 1.16, 9.09
128.50, 131.28, -2.16, 11.79
125.50, 126.64, -4.61, 11.72
125.50, 123.69, -5.27, 11.37
40.50, 72.81, -25.60, 14.36
16.50, 28.44, -36.96, 15.08
15.50, 4.39, -35.52, 13.50
41.50, 10.38, -20.76, 10.14
16.50, 5.23, -14.28, 9.03
41.50, 20.55, -1.03, -12.90
100.50, 67.23, 21.39, -15.82
98.50, 95.58, 28.92, -15.52
92.50, 107.05, 25.91, -13.56
16.50, 65.97, 0.46, 3.25
17.50, 37.64, -12.93, 13.37
14.50, 18.07, -18.39, 13.37
16.50, 8.75, -17.22, 12.29
19.50, 7.32, -12.37, 10.88
-15.50, -11.31, -15.70, 11.20
14.50, -3.12, -6.57, 9.06
22.50, 9.17, 1.88, -11.85
-25.50, -9.82, -5.46, 9.85
-28.50, -22.94, -8.57, 10.40
-31.50, -31.59, -8.92, 10.35
-38.50, -39.42, -8.74, 10.23
-37.50, -42.01, -6.32, 9.77
-40.50, -43.73, -4.20, 7.06
-45.50, -46.41, -3.15, 5.58
-43.50, -45.92, -1.18, 0.95
-44.50, -45.43, 0.10, -1.90
-41.50, -42.94, 1.70, -9.63
-42.50, -41.80, 2.11, -9.50
-39.50, -39.44, 2.74, -9.99
-40.50, -38.79, 2.33, -8.47
-39.50, -38.15, 1.91, -7.10
-40.50, -38.68, 1.04, -4.58
-42.50, -40.47, -0.15, 0.80
-43.50, -42.33, -1.03, 6.00